3067	4396
2936	2695
3135	4288
3024	2520
4404	3300
3386	3218
3125	2563
2609	3950
3958	4013
3927	3360
2545	3908
4365	2687
2812	2665
3823	3974
2502	3156
2657	3287
3720	3165
2634	4228
3906	4069
3780	2512
4653	3556
2883	2520
3803	3843
2822	3126
2509	3891
4296	2563
4491	2590
2535	3774
3028	3285
3687	3520
2562	4777
2814	2519
2900	2535
2524	3762
2549	2702
3440	2917
3386	3866
2853	3449
2519	2949
4629	3179
3126	3225
3307	2579
3542	3761
2499	3130
4284	3243
3183	2663
3584	2657
3798	3502
4189	2551
2519	3912
2823	3124
4205	4582
2579	4093
2894	3945
3965	3879
4382	3444
4375	4911
3575	2703
4424	3799
3199	3793
2499	2831
2657	2773
2763	4239
3835	3340
2522	3158
4101	3512
4572	2512
3284	4819
2665	2695
2744	2856
2599	3283
2512	2520
3129	4482
2514	3452
3800	3788
3749	3674
2679	3086
2559	4063
4229	3780
3008	2513
3931	2817
4466	3757
2983	3837
2739	2972
3128	2499
4421	2647
2734	3283
4654	3194
3124	3194
3292	2618
4257	4012
3948	2969
2620	2587
2681	2853
4396	2905
2720	3215
2551	2616
2521	3841
3788	3827
2895	3749
2856	3554
2621	2819
2914	4726
2627	2892
2662	2559
2859	4760
4153	4228
2512	3916
4415	2668
3750	2697
2709	2509
2541	2792
2851	4379
3434	2540
3930	4531
4782	3009
2812	2544
3177	2606
2656	2676
3384	2709
3357	3525
3130	3999
3752	4218
2627	2500
3597	2538
3437	3932
3384	3127
2585	2681
2739	3135
3482	3127
2970	4490
2999	3249
3783	4925
3144	2662
2851	4396
3145	2853
2500	4516
2521	3239
3229	3285
2519	3282
2521	2736
3984	3848
3649	3765
3010	2513
2734	3957
3345	2507
2664	4153
2846	4291
2597	2833
2602	4531
4101	2619
3144	2705
4706	3940
3237	2703
2721	3616
3303	3169
3431	3750
3633	3459
2508	3205
2847	4540
4726	3130
2891	2601
3769	3271
3906	2531
4208	2577
4052	3579
3759	2513
4440	3126
4456	2871
4462	2736
2519	2540
2580	4316
2675	4863
3008	4062
3931	2678
2843	2924
4050	3400
4550	3316
4092	2739
3593	3790
4377	2989
3953	2507
4495	4537
2744	3754
3600	3088
2568	2812
2597	2891
4228	3751
4065	2944
3907	4092
2658	3970
3222	4687
4233	3769
3218	3345
2822	3965
4338	2972
2539	3803
4871	3964
3425	2520
2676	4786
4264	2549
2501	3439
4482	3124
4885	2538
2538	2782
2973	2676
3376	2519
2508	2656
3132	3261
2645	3829
3802	2517
3304	4451
2936	3261
2836	2559
3754	2748
2807	3013
2599	4081
4219	2817
3421	2987
4795	4705
4401	4750
2695	4733
2591	2541
2505	2618
2582	3472
2695	4122
3360	4477
2618	2629
2508	3144
2696	2660
4014	3187
3002	2503
2540	2812
2500	3803
2573	2550
3532	4324
3854	4220
3894	2631
2813	4435
2540	2536
3793	2581
3467	4019
3578	3282
3193	3917
3251	4457
4112	3003
2822	2541
4545	3140
4424	3974
4165	3219
3282	2583
2499	3442
2826	3025
2507	4535
2540	3751
3320	2512
4584	4084
4336	2678
4221	4076
2539	3852
3830	3269
4105	3866
4338	4282
3281	2725
3151	3003
4043	3304
4415	3320
3793	3437
2892	2519
3437	4030
3491	3147
2515	2822
2567	3011
2736	3775
3476	2969
4438	3882
2579	2828
3144	2656
2551	4726
3555	4805
2657	2597
2670	2997
3623	2734
3133	2717
4438	2714
2568	4072
2533	2536
2833	2702
3047	2814
2675	2502
2680	3049
3769	2544
4960	2660
3069	4548
3126	2660
2533	2546
2554	2728
2525	2870
3832	2581
2529	2539
4109	3774
3442	3459
2812	3145
3067	2599
4768	3371
3716	4531
2768	2524
3928	4089
2740	2499
3896	2870
2795	3652
4101	2978
4457	2597
3804	2564
2501	4064
2656	3024
3163	3707
3794	2529
4257	2812
2863	2656
3935	3167
4072	2647
4772	3021
3066	3260
3925	3191
2529	3860
3835	2812
3838	2637
4918	4675
2833	2514
2596	2530
3124	3443
3986	3110
2660	4140
4253	2561
2616	2596
2551	3136
2898	3832
2734	2549
3782	3668
3805	3282
3960	2500
4534	4094
3906	2711
2534	3188
4125	3173
2609	2507
2909	2623
2543	2519
2748	3409
4141	2781
2499	2813
3866	2813
3179	2629
3127	2871
4023	3790
4029	4543
4113	4304
4068	2507
3779	4249
2751	2580
3221	4391
2639	3376
3834	3320
3791	2844
3066	4096
3283	2656
4770	2792
2828	3518
4532	4377
2582	2838
2813	4034
2717	3566
3830	3758
2971	3375
2646	2584
3771	3285
3645	4662
3845	4133
3911	2513
3127	2582
3447	3911
3945	2700
4537	2532
4727	4091
4764	4991
3813	4960
4404	3555
3125	2765
2621	2528
4513	3289
3458	3041
2512	3128
4086	3810
2858	2960
3976	4774
3172	2700
2660	4157
2949	2597
2506	4065
2773	2587
3947	3760
2746	4576
2598	2800
4374	4455
3155	3869
3675	2856
2559	4614
3608	2665
4883	2891
4385	3329
2597	4078
2505	2539
3805	2500
3129	2814
2576	3886
3781	2756
3288	2611
4780	4471
2656	2665
2895	3459
3290	2667
2664	2778
2499	4064
2676	2851
3930	4390
2507	4396
4796	3343
2895	2510
4458	2734
2833	2682
3972	2524
2546	2580
3139	2646
2577	2504
3322	3007
4029	2524
3829	2844
3007	4062
2518	3188
2584	2992
2743	4615
3286	3262
4431	4706
3851	2538
2504	4180
3066	4708
3202	2671
2520	2510
3759	4604
2522	2579
3760	2754
2586	2673
2504	4767
3266	2851
2561	2969
2578	3439
2541	2753
3754	4844
3946	4521
2981	4652
3631	2867
2599	2540
4275	940
4383	1419
3916	2231
2849	842
2670	325
3849	44
3134	323
4111	1130
2877	524
3144	1406
2624	1681
3207	392
3368	435
2783	180
2543	1429
4080	44
2548	1446
2585	2077
3400	634
3008	15
2511	1366
2529	996
3132	318
3069	135
2577	1012
2619	1880
4709	1722
2501	401
2983	47
2894	1663
3126	2109
4690	81
3030	285
3251	1886
3149	432
3191	401
2548	1230
3769	65
3793	325
2846	1252
2500	1621
3376	135
2785	1452
3442	0
3633	97
3293	30
2544	1192
2658	1545
4383	2070
2536	548
3086	945
2708	1839
4145	2080
4609	6
2661	2253
2505	54
2551	2247
4072	2
3762	684
3965	357
3213	402
3149	320
3228	1250
2500	1263
3329	1595
3749	182
3893	1433
4091	1881
3128	1963
4199	1260
3867	723
2544	913
4614	1564
2895	169
2832	1333
3124	1360
3134	256
2820	124
4493	22
3037	441
2949	2036
3254	332
2598	64
3724	1576
4073	1863
2501	238
3754	30
2519	288
2665	625
2646	1382
2834	1296
4067	2
3130	719
3871	173
2649	391
4604	251
2554	626
3848	787
2892	1273
3764	1255
2585	750
4369	1163
3124	333
3130	1061
2506	1265
2833	85
2999	74
2909	205
3762	773
2521	403
2714	159
3126	160
2656	718
3007	1972
4106	2217
2646	1800
3828	820
2765	2
2969	1567
3139	2061
3168	1650
2982	667
2832	228
3789	551
4701	2
3247	25
4170	1258
3286	1145
3399	646
2578	782
3200	205
2543	2041
3174	2199
4377	355
4690	1352
3179	1602
4453	158
4541	801
4863	1641
2519	1332
2745	1311
4394	1284
2813	2210
2858	413
2502	1305
3332	20
4638	631
3749	392
3334	0
2778	5
2823	1134
4374	1602
3071	139
4259	2112
4221	1263
2671	782
3517	1378
2930	953
3438	1264
4222	1548
3359	1743
3168	1233
2807	479
2499	117
2913	779
3205	1645
4025	858
4383	319
2524	825
3962	314
2510	1256
4924	1607
3193	181
3997	465
2502	1410
3935	1599
3604	2051
2745	1257
3008	33
2535	1257
4532	2148
4318	78
3170	53
3088	47
2656	401
3215	11
2884	14
3329	811
2818	322
3017	0
2620	1580
3145	23
2724	198
2546	128
2656	1889
4543	1430
3619	218
3398	1252
3294	401
3788	2005
2751	1338
2559	1917
2890	1114
2631	782
3151	1668
2582	333
2779	1796
3770	2187
3242	1
3917	940
3134	20
3945	1993
2845	1269
2509	5
3147	1467
2859	527
2814	1172
3809	31
4710	1538
2680	1938
2621	122
3677	979
2541	823
2672	1250
2514	313
2500	1804
4405	1884
2578	967
4423	1406
2551	115
2656	1338
2773	103
3281	472
4065	320
2590	1513
2604	1408
4534	39
2521	1997
3528	255
3206	393
4063	1094
4799	664
2812	2075
3126	399
2528	938
2543	1427
4384	1565
2678	1801
3769	250
2735	396
2515	746
3149	166
2902	1273
4924	84
4687	943
4726	109
4531	2040
2638	665
2656	159
2972	787
2520	2163
2543	610
4065	170
3477	1253
4085	41
3129	6
2577	293
3918	5
4228	1445
3700	274
3262	102
3737	1294
3755	859
2673	218
4399	1613
3771	1882
2858	209
3008	2197
3374	1319
2973	2223
2933	159
4305	316
2531	3
3807	444
3309	33
3202	216
3956	185
2896	466
2621	86
2815	414
2644	1580
2812	1426
4079	391
2833	41
2856	49
2708	1447
3849	2210
2505	1277
3133	1250
2952	703
2914	547
3965	1370
3752	59
3750	238
2658	244
4083	725
3755	1505
2526	45
2656	42
2913	976
3139	1300
2527	23
4410	1330
2929	1992
4636	1640
3149	157
2581	40
3009	181
2824	2026
3283	637
2579	1914
4085	491
3906	22
4067	89
2821	782
3090	332
4374	618
3798	108
3163	1685
3243	100
2621	2041
2551	137
2737	66
4531	716
3797	275
3168	158
3232	955
3793	100
4333	645
3056	382
3126	682
2697	3
3843	1875
2554	1106
3910	25
3687	687
3930	1250
2704	1339
3848	1484
4094	509
3381	322
2724	73
2503	2001
4609	209
2581	164
3625	654
3165	164
3348	0
2577	157
2609	1641
2861	196
2501	938
4084	177
2739	1894
2656	3
3782	2436
3127	1318
2616	254
4123	1333
3916	2109
4223	79
3574	1332
4388	1637
3906	1665
2695	88
3202	626
3749	811
4458	293
3163	1574
4975	2041
3613	942
2968	158
4076	792
2792	393
2504	335
2500	547
2776	1035
4378	405
3598	177
2862	1026
2577	822
3149	1499
3019	1267
3134	1609
3521	505
2517	42
3422	21
2634	1282
3751	380
3882	1448
3182	2
2519	0
2890	659
2890	245
2668	637
3782	720
4087	636
2549	1299
3921	1096
4140	44
2816	964
4103	167
3759	872
3392	1739
2502	914
2817	332
3828	3
3282	210
3945	2
3327	216
3070	1605
2509	1289
3444	117
4033	1562
2503	1428
3996	1937
3283	1295
3829	791
4347	1875
3165	1365
2607	915
3595	963
3244	1289
3440	352
2578	1587
3659	1141
3017	901
3144	637
2582	947
3832	1408
3781	816
4765	1277
2841	1643
2852	1719
2819	430
3595	277
3127	1631
4463	161
4379	148
3231	2048
3018	320
2734	41
3218	1335
2648	245
3009	418
4082	967
2602	1386
3764	998
3827	313
3752	113
2578	103
3009	1368
3985	1721
3906	1250
2813	566
3984	396
3264	1754
3829	1321
2597	1843
3926	266
3813	157
3195	0
3210	1650
3207	958
3756	656
3216	1433
4726	393
2931	59
2856	1164
3844	1276
2514	852
3749	102
3857	1690
2657	3
2571	1446
3237	324
3672	726
3776	416
4006	1525
2697	764
4236	202
3829	215
2524	30
2595	791
3936	440
2502	1020
2521	1603
3055	207
2729	8
4563	976
2499	122
4086	443
2892	735
2757	117
3222	635
4609	826
3852	476
3802	41
4062	156
2520	864
3439	324
2499	69
3819	2305
2525	324
4536	1251
2856	197
4064	723
2656	197
2540	1344
2499	939
4038	79
4414	2143
3461	476
3052	1262
2520	865
3908	276
2582	324
3648	40
2617	1289
2817	1759
2705	666
2680	635
4968	12
3920	308
3127	21
4762	469
2799	78
2529	641
4465	1374
3906	86
2787	1565
3762	182
2792	692
2525	363
2840	1252
3968	704
2656	23
4378	132
2894	1490
3207	626
3923	1133
2512	25
2585	2441
3447	1335
3360	80
3156	80
2540	782
4316	13
3906	315
2541	313
3409	2343
2989	21
3799	1489
4943	157
2502	2041
3017	1840
2969	1360
3288	822
4128	69
3537	275
2832	2016
3270	188
3363	181
2584	151
2515	182
2583	1418
4865	947
3779	103
3838	498
4390	375
2600	2102
4667	60
4072	496
2577	806
3848	951
2601	21
3013	61
2659	787
2616	1521
3232	0
2499	1257
2816	1593
4737	1067
2599	1337
2789	2269
2914	1256
4853	200
3476	1600
4990	997
3799	1757
2516	720
2573	1446
3174	318
3478	0
2619	473
2616	196
4261	381
4414	647
2499	2034
2792	2038
3789	89
2880	566
2563	184
2590	1967
3995	1253
3760	405
3204	1529
2969	1643
3027	2109
2977	1796
4387	1147
4062	117
3050	469
3993	14
2678	1377
4291	1564
3827	1574
3305	72
3759	1500
2504	1998
3792	1334
2879	945
2638	976
2499	1621
4381	7
4496	1255
2500	1898
3464	313
3169	274
3386	975
3371	8
3222	8
2533	196
3131	368
2944	420
2520	796
3183	1932
3754	1877
2773	2
2851	0
2505	1299
4907	61
3140	792
3516	246
4028	1432
2800	994
2532	938
2826	746
2861	4
2519	122
2770	1992
3011	2197
2560	1406
3593	47
3137	354
2559	2353
2734	710
4690	313
3144	411
3140	1349
4245	41
2581	78
2856	1250
3212	2069
3413	715
3383	1354
4621	412
3755	124
2702	94
2665	1410
2618	1172
3766	1887
4025	2061
2823	52
4497	2209
2812	1300
3265	39
2961	13
2511	1599
4054	30
3322	0
2841	321
2621	786
3760	470
2775	1390
2509	718
3216	2408
3547	2080
3951	637
4700	160
2658	746
3486	625
2613	1665
2509	318
4689	343
3126	1003
3760	2124
2768	764
3652	1020
3838	1329
2521	23
4219	1340
3173	290
2976	81
4394	47
3295	625
4770	322
2607	1426
2855	1684
2812	840
2968	0
3794	912
2671	946
3083	208
2520	720
3289	1983
2677	1579
4457	1880
3711	108
2990	1286
3004	1096
4926	848
3365	0
2904	1718
2818	1279
3679	130
4538	549
3017	30
3155	355
4162	5
2736	318
3058	333
3787	157
3522	1
3448	1428
3129	626
2560	15
3462	1462
2578	1404
2516	1
3145	1451
4106	13
3547	391
3750	2324
2822	509
2895	645
2701	2022
3125	726
3883	163
3794	670
2530	1250
3273	138
3945	9
4170	14
2540	403
3866	1417
2662	406
3852	1349
2900	2389
3266	23
3169	1289
3554	37
2560	653
2828	100
3141	450
3818	899
2507	314
4033	88
3755	189
3516	1485
2544	95
4081	1720
3145	196
3178	44
2521	203
2815	929
3827	2294
3412	353
2700	197
2685	0
4487	1908
4455	41
3897	102
2606	11
3751	337
2891	1574
2579	173
3126	557
2499	1279
3286	1516
3399	1103
2813	316
3635	1603
4551	0
4413	961
2529	78
4375	1873
3945	169
2834	1255
3054	160
3848	1570
2719	1665
3329	431
2519	1739
3287	1723
3594	658
3131	1487
3908	31
3321	947
3524	1603
3468	341
3594	1251
3168	1469
2604	673
2817	1347
3411	1250
4379	35
3373	2192
2696	1924
2856	1911
3282	81
3769	1336
2616	709
3398	159
3831	659
3799	2383
3931	1017
3058	250
4472	80
3998	45
2539	1094
3480	1940
2598	1
4630	1111
2913	1892
3166	655
3320	25
2531	78
3751	654
3856	314
3906	156
4850	2226
3622	108
3875	944
4387	2246
3177	2177
2892	656
4454	255
2856	1416
2503	986
3281	128
3127	1672
4780	922
2621	1295
3751	1446
3293	900
2970	1
3640	371
3801	182
2515	1724
3108	490
3360	5
4596	357
2621	2304
2759	2251
3818	728
4496	1673
4221	1439
4619	1387
4023	401
2969	303
3034	1430
2666	704
3167	706
3832	1748
3290	1260
2538	5
3362	2
2812	19
3437	679
3866	1260
3638	1720
2817	338
3368	1723
3261	628
4085	5
3198	321
3675	1303
3530	509
2507	138
2900	2191
2512	172
3644	1336
4064	637
2925	1
3593	161
3281	61
4443	1367
3447	1643
2909	1875
2499	180
2968	0
4155	168
3525	394
2734	1330
2508	869
4531	880
3183	627
3835	1382
4081	2051
2847	861
3013	164
3088	14
2692	1607
2695	782
2504	50
2812	194
3908	1279
3843	1426
3824	1297
3847	2047
3749	2291
3146	665
4350	1562
2698	10
2513	447
4572	2041
3892	200
3751	1387
3055	823
4531	2199
3386	216
4111	1261
4455	2109
3691	1269
2670	634
2517	882
2513	781
2817	318
4028	313
3909	2346
2894	1260
2695	357
2856	83
2675	330
2941	45
3147	168
3311	394
2589	116
4062	225
4241	449
3281	718
3164	1994
4394	49
4232	1613
4023	1298
3315	1308
3224	441
3202	980
2878	706
3676	2210
3281	1250
3907	391
3674	42
4070	1490
2792	704
3151	1900
2658	962
2700	167
2751	1914
3559	1654
3752	1471
2626	509
4142	1261
2505	42
3672	0
2668	91
2543	1409
3168	352
3604	88
2527	645
3828	176
4383	353
3127	1998
2580	1294
4450	618
4140	401
3869	685
3023	957
4374	626
4072	235
3323	25
3162	781
2978	609
2592	3
2510	1840
5329	7739
8603	5053
7501	8027
8752	8210
5489	5060
7793	5982
5178	7904
5839	8769
5997	7326
5179	9108
5624	8130
5106	8840
5648	5040
6249	8866
8164	5010
7629	6913
5066	6568
8752	5118
6902	7988
7626	5176
8652	5790
6583	7510
8051	5228
5038	6232
5489	6252
5063	5124
6914	5025
8176	6612
8625	5243
6417	5176
6047	8085
8480	8164
5392	5170
8089	7541
5012	7535
8789	8380
5088	5112
5312	5566
5286	5179
8788	5691
6574	5175
5273	6520
9120	6641
8749	5087
6539	8126
7919	5881
5864	5292
5803	5081
5171	7597
5176	6255
9298	5947
5154	5557
6210	7872
5469	5212
8134	6832
5319	5664
7504	5391
7598	7658
5664	6066
8462	5759
7010	8399
5781	9025
6406	7948
9424	5084
6263	7529
6749	8752
7812	7973
6337	5157
5084	7740
9531	8757
5013	7343
6886	5317
6718	5627
7617	5450
6735	9668
9115	5507
5938	6608
6440	8791
8066	5704
5200	9307
8725	9777
5391	6485
8596	5082
7349	8906
6290	5141
5137	7542
9263	5625
8244	5401
7695	6107
5000	8484
9092	5991
6292	5009
6626	4999
5468	8243
5195	5627
7056	6269
9175	7822
5069	7607
8538	5005
8200	9727
7500	6401
7524	5126
5118	5627
7598	6916
8320	7500
7659	6413
5317	5899
8047	8047
5357	8476
6474	5461
7524	5624
9006	5203
6775	7537
6616	9454
5709	9211
5396	5469
5629	7510
5365	6876
6291	7499
8344	7678
5176	8891
6681	7510
5033	7123
6567	8145
6291	8674
5332	9687
5986	6901
5439	5145
8829	5313
8518	5823
6417	5179
8533	5048
5494	7976
7814	9151
5243	6445
7078	8563
7211	6594
6899	5450
8831	6407
6601	7778
7820	8603
5320	9003
6709	6310
5023	6493
4999	7773
6606	6095
5315	7545
8135	7550
7587	6081
5408	5038
6880	8586
6567	8285
9533	5910
5519	5976
6890	5157
6650	5314
5676	6464
8285	8193
5156	7660
6670	6162
5652	8954
5283	9726
5320	5108
9183	5246
9407	5012
6308	6327
7205	9116
7057	9037
5214	5240
7530	5352
6353	7670
7508	5626
5693	7696
6761	5193
6730	7276
9516	8751
5315	8305
6930	8322
7711	5138
7989	5073
7853	8750
7738	5986
5373	5731
4999	5198
8525	6409
7118	5657
7853	5761
9369	7587
5079	7509
5351	5069
7757	6280
6270	7847
5319	5684
5627	5657
5472	5020
5073	8843
7501	5033
6302	5315
7890	7754
6432	8935
5864	5084
5575	8207
8752	8908
8757	7515
8223	5673
5253	5143
6273	9105
6652	5080
8202	8088
6250	6816
7813	8486
6135	5864
5696	5019
7988	5235
5019	7852
7833	5637
5173	6507
5312	5787
8759	5156
5320	9074
9067	8812
5430	7187
5192	7670
5024	5831
5664	7226
5162	7853
6573	5053
5447	6479
5322	5434
6432	5099
7040	6269
8202	5176
6264	6315
7783	8124
8054	7649
6875	5196
5390	5159
5171	5937
5068	5429
5991	7696
5951	5442
7856	6360
7834	5627
7558	5342
5039	5190
6421	6382
7316	9039
5390	8593
5032	6418
7676	5021
9461	8222
5735	5098
7665	8375
7558	6489
6489	7812
5156	6182
5634	6309
8140	7035
5644	5820
9336	5956
5195	5214
6731	8137
5148	9907
7660	7266
7519	7538
5246	5762
6684	9153
5087	5326
7743	5315
5607	9014
8252	5550
5518	8791
6927	6332
5091	5842
9102	5046
5002	9766
7622	5083
6406	8627
5333	5361
5015	8281
6826	6308
6345	5647
5017	5049
6260	7667
5370	5254
7033	5160
8218	7849
5860	5707
5071	5312
5174	5372
6330	5090
6479	5710
5108	5269
6417	5187
5156	5727
5464	8752
5319	7007
6382	5664
9169	8301
5116	6270
7519	5669
5234	5333
5016	5273
5579	5449
5312	7709
6406	5363
5234	6332
8541	7131
5134	7509
7815	5164
8515	7541
7619	5110
6977	5236
8755	6146
6376	4999
5181	7436
5525	7499
9688	5673
5468	5185
6408	8130
5030	8132
6807	6569
7037	6348
9580	6439
7741	7502
5206	5003
6568	4999
6308	7780
5627	5236
5633	5626
6454	5014
6708	5196
5912	7729
5395	6487
5102	5591
7861	7540
5375	8146
6757	9509
5035	7385
5952	5626
7870	6523
5012	7392
8599	6659
8127	5575
5781	5536
5978	5322
5464	7570
5469	5626
6562	5004
5939	6814
6415	7620
5000	5629
5163	9421
5091	5615
6243	6664
5683	8415
5176	5820
7443	5312
9277	8768
5431	6582
6015	5406
5578	5481
7519	5473
9443	5344
6341	5319
8755	8907
6291	6096
5595	7739
5138	5082
5627	5666
5839	5703
5042	5476
5004	6564
5995	6406
5314	5627
6329	6606
6965	5939
7587	5022
7502	7499
7857	5012
5684	7841
5163	7330
5294	5063
8017	6567
5629	8517
5040	5033
7348	6340
7598	5458
8301	8038
9379	5001
5157	5000
5267	6515
5075	5019
8827	7265
7594	8024
5009	5879
6507	5312
6265	5450
6304	6270
5828	9426
5958	6941
5989	5781
9069	9385
5059	8353
5175	5235
7347	5663
7848	6680
5657	5036
6923	8519
6659	8442
5359	7900
7676	7920
7827	5142
7618	5003
5331	5019
8204	5077
8293	5243
8906	8444
7659	6763
6329	6631
8144	5000
7645	5783
5341	7225
5052	5940
9150	6338
5976	9259
8870	6411
9094	8945
8180	5165
5019	5519
5176	6262
5715	6327
5313	6645
7734	7822
5405	8186
7115	8520
7292	6601
8496	9531
6371	5475
5918	6249
5790	5876
7245	6293
5028	6288
4999	5586
5020	5013
8155	9493
5236	5010
7187	6260
5331	5624
6490	7422
7704	5580
5751	5090
6718	6269
5024	5937
5766	5165
6728	8312
5312	5040
7720	6595
5011	6276
5986	5101
5097	8774
9257	5804
8212	5092
5192	5352
5432	6500
5021	6952
5629	7514
8759	7344
6113	5317
6892	7895
5012	6535
6155	8940
8124	8672
5331	5031
6408	6078
5706	7231
5084	9337
5058	7855
5711	5001
8124	5390
5001	9434
8751	5135
7515	6720
8466	6258
5327	6465
8177	6270
7969	5364
5195	7206
5689	7978
7505	5175
6407	5670
8840	6584
5645	5550
5395	5274
8171	5631
7819	9620
5206	5791
5158	9416
5082	9493
5008	8126
5645	5453
5007	6738
9697	5667
5097	6450
7910	6019
9249	5066
8144	7070
6564	5119
5001	6878
5220	5528
8914	6462
5241	5415
6250	7869
6113	5077
7968	5283
6028	5012
5945	6392
7110	5328
8857	6961
5474	5078
6582	6323
6327	5967
8984	5030
7529	5627
6153	9301
5163	5035
6327	7976
9961	5019
5492	5122
5012	7754
7324	5859
6373	5129
6763	5398
5001	5317
9092	6055
6117	5997
8516	6030
6269	5059
8438	8867
8517	6265
8451	6257
9405	6489
7245	5055
6563	8476
5634	5370
6823	7587
5460	6426
5166	5668
7510	8057
6464	9618
6908	7681
8163	7555
5241	5077
8151	5317
9143	6260
8505	8163
6464	8789
6724	5343
8769	8234
8784	6635
5043	8140
7031	6293
6760	8616
6263	5026
6254	5258
5051	6407
6868	5314
6884	9085
6426	6141
6415	8205
5955	8332
8378	5097
5508	8281
6285	5940
5705	7626
8565	6525
6464	6003
5663	7543
5198	6576
7666	8749
5932	8913
6464	5671
5015	5049
6876	5964
5166	8125
5403	5610
5187	5964
9192	7353
5043	7592
5790	7588
5314	5869
8326	6699
8614	7651
7609	7344
8215	6275
8442	5015
6431	6176
7587	5429
5430	8517
9625	5788
6257	5982
8837	5049
7744	5136
7524	5800
5038	7793
8846	6885
5342	9075
7676	7912
7656	7305
5165	7508
8025	5082
9498	8907
7500	7831
6252	9144
6172	9720
5644	8139
8913	9692
5480	7511
6334	9853
5880	6027
7528	6269
4999	7839
5312	6047
6531	7344
5630	5798
7814	9560
6877	5665
6882	5027
5097	6489
8451	6039
6525	9112
8464	5002
5649	5077
5146	5967
8038	5395
7668	8212
5417	7505
5243	5939
5844	7587
5185	5254
6446	5158
9434	8954
5116	6273
5153	5141
6890	6962
8945	5161
5312	7665
5827	5995
5630	5508
6568	7038
7983	7995
6331	7304
5040	5754
5157	5113
5315	6257
5234	8632
8128	5528
6575	5478
9076	5666
7910	7757
5626	6660
5077	7345
5060	6504
7210	5634
8372	6436
9382	7228
5312	5937
7764	6607
6562	7730
9075	5012
9388	6308
8749	5079
5986	7609
5025	8917
7507	8303
6631	6730
5201	6250
6454	5710
9024	5812
5012	5002
7076	5181
5119	7778
5169	7599
7499	5328
9797	6603
7514	6876
6059	5323
6371	5184
6292	5060
5261	6344
8769	8173
6899	5663
6884	7056
5077	7541
5082	5049
5016	5009
5026	5278
6364	5019
8175	7697
5391	9804
5160	9018
5312	9381
7358	9111
5624	5552
5474	8146
7681	5392
5022	9299
9064	5009
6285	5572
6133	5312
5085	7502
5512	7746
5739	6648
5449	5917
7916	5126
5007	7188
7560	6408
7222	5751
8908	8886
6601	8359
8697	5253
8202	5001
5293	6581
6321	7223
6271	5020
5722	7540
5628	5218
5005	5355
5937	5129
7895	9824
5812	8253
8751	6957
7678	8360
7798	9590
5156	7230
8188	5192
5326	5326
8306	5169
8782	7241
5397	5781
7877	8707
7700	7695
6876	6969
5970	6699
8165	5058
5317	6630
7031	5530
8161	7499
5665	6533
8888	5976
9220	8090
6503	9913
5314	9012
8022	6408
8243	7931
5357	5159
5379	8243
9804	7197
5220	6993
9147	7916
5003	6251
5184	8168
8637	5633
8478	5655
8930	6210
6589	7812
6581	7812
5790	7578
5107	8757
8218	8237
5812	5962
7275	7161
5015	5007
5041	5040
6352	5181
6718	6601
6409	8359
5021	9491
8163	5786
5335	5312
7540	7812
5655	5629
8582	5352
6876	7504
5113	8124
6493	6796
9827	6113
5828	5704
5459	6294
9081	5374
5878	5043
8769	9713
5362	5776
8550	7402
6288	9794
6830	6406
5793	6183
8066	6630
6894	5165
6683	5827
5742	7514
6271	5341
9631	5077
7408	8129
5287	7822
6620	5768
6730	9487
5702	5666
5038	5312
5959	7599
8754	5078
7363	5043
8282	5176
5776	5080
5043	5002
6313	8124
5316	9869
5021	8222
6576	7572
5472	6366
5004	7973
6251	6439
7597	5021
7563	8867
8970	6113
5002	9318
6450	5103
5041	5325
5634	7503
5001	5563
7845	8584
7661	7696
6293	5732
8906	7501
8710	7231
5082	5113
7676	6304
7757	7073
7554	5061
8147	6962
5088	6613
7384	5005
8848	9306
5412	5488
7127	7327
5317	5004
9358	6419
5624	6567
6876	6327
6210	5937
5390	9023
8183	5751
5077	6880
5004	7602
6972	8263
8301	9574
5977	6270
8046	7505
5093	8774
9396	8846
7743	8361
6288	7148
8461	6681
5077	9877
8479	7709
5781	7402
6719	8749
6410	6625
5185	5401
6269	5163
8781	7647
6565	7032
8925	5043
8283	6252
9845	6427
7822	7601
7796	5000
5703	5254
7501	8124
5009	7223
6200	5030
5312	6493
5287	6356
6320	8986
6395	6622
6328	8952
5165	9555
9250	5235
5157	7524
5127	5143
5128	6750
7715	6779
5019	5196
6346	9379
5097	8611
6486	8782
8151	5336
7530	5261
5024	6272
6419	8134
7510	8046
8458	5022
7372	5041
7774	6533
5005	5347
5271	9794
5709	6574
9406	5998
6139	7349
5317	6664
7644	5655
4999	5013
6016	5744
7591	5391
7043	5168
5901	5767
7818	6960
6373	8303
7679	6896
5478	6799
5478	6290
5988	7977
7753	5102
5012	7551
5234	5959
7131	5753
5234	5860
5053	5744
7188	9162
8305	8454
5624	8220
5630	9609
8086	7499
6953	7562
7619	8154
6289	7548
9063	5952
7773	5006
8803	5400
5823	5931
5884	5006
8940	5337
7675	5786
5626	5098
5997	6724
6888	5243
5464	6897
5474	5156
4999	7513
7582	5898
6564	5629
8918	6415
6484	8917
8906	5217
5413	5063
5844	6904
6573	8788
5684	5029
5852	5380
7939	4999
5632	7572
5646	5181
5165	6653
7968	6828
6799	5782
7916	7533
7524	5012
5959	5312
6372	5042
5049	6920
9160	7242
5297	5336
6592	5644
6965	7779
6935	6251
5229	7499
5195	8749
6528	5899
9565	8832
6340	5861
6501	6958
5383	8047
7228	7056
7150	7031
6269	6954
7502	6177
8762	5981
7834	5715
8266	6387
5137	5734
9033	7543
5265	7250
6409	9477
6276	6269
7635	6249
5268	9065
7761	6283
6694	5508
5073	8849
7348	6844
6153	6250
5146	6407
5488	5313
6503	5995
5703	9531
5298	9225
5352	5041
5821	7563
5785	5202
5937	5353
6753	7695
5129	6293
5475	7549
6042	8157
7584	5906
5030	9376
7504	5790
8009	7978
9220	7040
8751	8760
6445	6252
6293	8461
8129	6005
8262	5059
8016	5407
8	8013
469	8350
181	7740
157	8774
1562	7691
187	8508
1260	8056
1299	7909
1587	7992
323	8862
408	9001
2400	8217
100	9424
559	7815
2066	9079
1900	7675
41	9332
10	7817
125	7578
938	9125
15	8683
375	7510
1258	9863
911	8749
785	8879
5	8304
1261	9570
0	8051
470	9499
1565	7679
1271	7695
235	7819
396	8245
1889	8378
2187	8179
260	8125
1436	8536
1103	9062
1407	9267
674	9704
1106	7563
792	7816
1660	9058
1059	9491
241	8251
1056	7798
87	7967
48	8449
1748	7852
105	8221
213	8129
91	8927
79	7519
842	7896
2158	9151
67	8754
88	8762
1280	8178
825	9400
303	7783
235	8331
670	8163
1566	8053
357	9568
639	7597
2358	7521
375	7499
1006	7513
626	7609
825	7890
2084	8847
78	7577
69	8124
1718	7636
361	7855
482	8912
2188	8163
1447	7812
1562	7635
318	9277
1605	7523
737	8635
1480	7695
117	8755
81	7890
45	7658
1189	7578
218	9062
1836	7863
1651	7559
1311	7515
2324	7544
944	7885
1486	9473
852	7529
826	8791
1662	8887
1286	8855
25	7500
693	9200
562	8856
1506	9386
99	7831
971	8563
114	7999
20	8984
769	7668
801	7910
456	8774
21	8166
16	9073
664	8808
300	7851
782	7910
354	9687
246	9611
627	8769
1497	8301
246	8782
128	8915
156	8206
1583	8972
1250	7519
474	8769
1031	9745
1401	8147
1944	8051
403	8202
967	7827
929	8266
2061	7585
22	9219
1884	7563
394	7541
39	7525
188	8167
340	7676
1452	9375
39	9004
2199	9423
1573	7988
207	9009
723	8324
1411	7514
1355	8232
318	7565
627	8647
631	7812
686	8758
1098	8243
627	7663
1585	7524
1884	7668
631	7870
1878	7947
323	8813
383	8447
1489	9849
198	7538
628	7551
339	7970
2148	7504
149	9491
410	8146
393	7579
703	9140
78	8456
78	7502
1289	8466
1255	7599
1351	7832
528	8965
91	8526
1884	7510
864	9805
494	8384
1614	7792
627	8008
1782	7504
1160	7831
65	8788
47	7659
376	7499
22	7502
1345	7778
1433	8911
13	7565
1388	9383
21	7864
2315	7502
645	7558
313	7712
627	9375
2197	8459
99	9062
684	8723
870	7580
163	7527
1255	7993
1973	9911
46	9383
396	7688
52	9103
176	8671
337	7541
983	7582
202	7518
205	8945
864	8933
1294	8205
197	7698
1621	7808
706	9070
11	7665
477	9035
2034	7559
343	9632
401	7623
1650	9389
119	8594
2432	9377
164	9339
2265	8749
430	8498
1255	7820
1665	9024
765	8911
161	8837
1272	8928
2203	8906
514	9227
160	7620
1856	8519
1433	7984
0	7939
1409	8215
1701	7504
1675	8267
1946	9047
959	7845
658	8807
2421	9534
1390	8442
2446	7499
2247	9726
1260	7511
1103	7676
440	9688
679	8476
1250	8956
1801	8124
238	7999
822	8908
1822	8022
513	8486
645	9239
1445	9086
84	7677
122	8246
1031	9416
138	8465
40	7668
162	8213
1563	8852
1411	7514
836	7945
898	8140
304	8962
625	9367
809	8125
1798	8297
1250	7939
1641	7519
1347	7891
2256	7544
1023	8263
354	7660
1679	8364
0	9275
951	7516
978	8190
627	9250
1619	7546
687	8907
25	8135
1798	7938
2174	8165
1095	8799
1739	9776
1932	7535
1349	7509
1423	7776
782	8984
2056	9775
704	7526
891	9872
14	8757
1408	8003
0	8632
720	8165
103	8755
1875	8154
1105	9482
237	7746
2310	7978
1446	9064
2422	7757
1894	8359
52	8227
2	9109
627	7501
1889	7995
89	7785
25	7648
83	8149
1712	8985
39	8951
529	8224
1570	9062
333	9535
1826	8135
1631	7540
2066	8457
1027	8772
590	9084
1881	7697
2310	7687
118	8790
1875	7972
1914	8234
1017	8233
955	7524
2072	7601
115	9738
397	7862
704	9542
415	7584
161	8145
246	9601
820	7509
851	8993
1894	8167
960	7660
587	8125
2350	8326
1075	8830
25	7591
479	7594
357	7538
301	7852
10	7641
980	8129
826	9570
1917	7502
441	7808
1823	9146
314	9015
1626	9610
299	8128
1899	8773
742	7598
894	8789
216	8451
734	8808
1250	8769
1281	8852
108	7505
632	8887
233	7520
1421	8443
237	9712
414	8480
104	9117
763	7812
13	8835
1028	7827
425	7973
1407	8192
627	7524
94	7820
338	8403
14	8124
1095	9907
1500	8766
1016	7822
782	8261
881	8790
13	8299
1689	7656
1358	7817
89	7897
458	9109
771	8119
2460	7580
445	8307
1181	7837
2070	8438
22	7543
819	9472
1265	9734
70	8262
1748	8128
1245	7532
20	8057
1265	9062
867	7851
31	7504
1973	9506
59	7629
20	7823
391	8124
241	8144
876	8006
961	8913
164	8133
1426	8058
186	8866
91	8931
355	7600
645	8711
1289	8328
1674	7544
805	7585
343	7754
339	9570
633	7786
2197	9512
1565	8283
313	9384
547	8763
235	7526
1255	7558
963	8246
156	7553
171	7504
680	9106
513	7501
1	7588
1343	8184
1098	9228
61	8283
1125	7592
3	8819
470	8955
296	8036
3	7671
21	8207
2148	8870
486	8962
1292	7500
710	8910
630	9535
9	7499
667	8938
510	8879
957	7826
968	7853
181	7676
793	9185
319	8985
1507	9465
1250	7853
313	8164
1260	7519
2009	7786
499	8464
209	8827
169	7661
139	9387
1895	9531
1446	8948
336	7656
750	9467
1426	7538
1492	8495
1145	7524
1421	7499
1889	7563
157	7656
1738	9578
1272	8788
1479	7964
1386	8907
1352	8726
325	8809
2055	8814
313	9811
938	7700
156	7509
938	7504
940	7538
80	8262
963	8877
1474	8528
318	7547
2247	8958
534	8881
16	9260
24	7814
658	2585
1177	2524
822	2978
244	2668
764	2695
1813	4512
205	2579
655	3769
438	3218
1333	4689
59	2864
161	3985
1260	2501
1030	2507
2	2636
770	2675
413	4141
707	2702
633	4064
2191	3915
52	3442
1426	3227
92	2519
81	3189
14	2974
1270	2505
782	2606
1562	4536
962	2835
242	4903
1388	4693
532	2748
6	4712
1410	3906
264	3911
2412	2634
784	3203
1802	2708
822	2842
734	3613
1254	3783
127	2538
2	2814
626	3157
803	4385
1308	3274
2172	2689
1250	3711
206	2658
1904	2819
1036	4726
1352	2501
649	4396
1251	2577
958	2891
2089	3627
1728	4296
1925	2640
701	2506
1497	4394
24	3154
1571	3124
474	4476
63	3129
1350	2812
157	3202
2364	3906
313	2580
1069	2660
822	3008
83	2502
782	3448
78	2577
2273	2815
369	2935
1430	2983
79	2856
16	4379
33	2858
316	2658
163	2667
1321	2544
121	2858
10	3484
737	4394
1255	2851
393	4553
635	3371
928	3056
1563	2506
186	4378
1897	2851
479	4111
1612	2912
66	2984
1381	3126
39	3779
28	3803
632	3047
1928	2730
1762	4177
66	2608
665	2826
1416	2597
64	2736
649	2827
21	3295
45	2520
153	3770
237	2812
829	3762
1252	2501
684	3448
1382	3779
1435	2656
119	3443
83	3262
1568	3446
191	4078
1591	4062
885	3145
1418	4422
1606	4076
371	3046
728	3480
2073	3126
39	3181
723	2563
676	3793
0	4531
413	2578
792	3442
986	2846
557	3779
1271	3056
365	3066
732	4741
714	2753
78	3851
217	3329
1347	3448
168	2678
570	3528
1285	2499
44	3554
5	4087
1253	3378
196	2714
0	2905
657	2577
2	4473
704	2851
626	3842
1762	3437
510	3796
1262	3754
625	2978
1565	4072
1564	4296
1019	2819
1408	2516
1661	2779
1575	2568
670	2632
88	3340
1278	4648
1955	3061
156	4553
78	2503
1984	4484
163	2702
293	2506
1061	2514
1782	4141
3	4765
645	4082
165	3752
1897	3206
2344	2598
992	3762
2199	2673
627	3559
1017	2825
1508	2895
322	4297
645	2537
20	2820
282	2776
1640	2667
39	2540
375	3137
1289	2745
50	2873
10	2501
402	2851
598	3165
1095	2910
118	3950
313	4379
1276	3482
625	2588
1016	2930
230	3413
60	2544
401	3366
120	2797
796	4102
360	2697
2191	2778
258	2621
1608	2660
6	2577
1153	2519
479	2509
158	3147
41	2767
1114	2500
452	2660
675	2814
232	3812
98	4086
1114	3611
1261	2656
198	4330
1377	3848
66	2978
274	2988
1487	2775
982	2997
742	3163
654	2519
2226	2637
20	2640
1257	2563
1894	2570
894	4397
178	4317
0	2812
88	2544
89	3340
680	3754
34	3204
1328	3676
232	2550
733	3848
85	2584
1432	3166
1887	3827
627	3134
1970	4038
1973	2515
179	4409
152	3141
218	4240
530	4180
1295	3359
1274	2626
626	2507
196	2515
3	3146
2394	2975
1476	4797
1654	2551
69	3749
160	3332
959	2504
2188	3433
957	3486
1250	4542
3	3763
646	3964
59	2689
959	2510
723	4324
1016	4116
2443	3849
469	2734
44	3449
361	2573
2190	2911
1598	2505
160	2540
1255	3938
1904	3769
396	3751
1069	3007
2292	3156
1279	3920
749	3047
1250	3795
26	3247
1562	4905
1230	3917
1271	4406
1607	2661
330	2612
318	3545
60	2579
128	3594
1250	2657
759	3998
942	3447
982	3437
102	2714
889	2580
767	3234
1427	2667
1880	3463
171	3866
968	3497
2126	2618
2355	4454
1648	3595
43	2667
1644	3886
1063	3984
742	3789
1798	4877
638	2700
643	3793
335	4225
100	4103
1629	3290
419	3173
1255	2540
264	2873
1299	3779
1407	2978
1953	4460
1250	3638
1280	3290
335	3126
1478	3770
198	2578
1950	3595
327	2675
34	4377
668	2872
196	3984
286	3058
548	3149
79	2621
1075	4501
1416	3788
196	3312
0	2934
967	2666
479	2831
2210	2502
1895	4145
10	4399
1720	3126
1	2504
3	2519
635	2665
1411	2510
664	2501
521	3288
1571	4394
1739	4073
1269	4185
314	2504
427	3498
21	2812
79	2657
78	2813
626	3536
1347	4000
1543	3758
1916	2997
338	2817
1750	2516
1576	2812
2446	4467
1421	3163
807	2579
2307	2903
508	3772
277	3184
101	4062
2358	4140
1837	2508
23	4068
743	3643
56	2521
1424	3494
2116	3227
358	2505
860	2524
23	4687
2189	2499
1066	3126
337	2993
1202	2675
960	3765
1428	2544
0	4380
878	2584
322	4025
381	2999
629	2857
925	2715
32	3486
30	3202
2114	4417
1646	2877
47	3437
1921	2599
980	2499
398	2658
1647	2940
2281	2709
322	4428
81	3442
1876	3860
832	3594
72	2549
771	2871
45	3281
782	4336
127	3209
160	2541
178	2858
967	3140
453	4140
186	2974
1267	4047
1905	2543
78	2756
474	3194
1333	2892
1504	2634
345	2685
8	2812
1973	2817
313	4415
627	2736
1757	4394
660	2951
2344	3911
458	3762
318	4159
499	4511
726	4375
746	2544
130	3838
1248	4176
1649	3593
1820	2673
939	4127
348	2822
850	3880
717	2783
158	3167
440	4760
1607	2509
1499	2632
1940	4317
796	3761
791	2695
168	2769
0	4244
2158	3522
1002	3349
167	3872
2197	3908
1033	2681
1109	2659
323	3791
42	4273
627	2664
509	3243
1582	2739
81	4203
682	3232
2077	2887
365	2526
243	3934
181	3829
1877	3129
1250	2599
13	4387
78	3799
2187	2737
1250	2504
1457	2502
1250	3223
72	4140
991	2591
376	2502
970	2587
1609	3749
196	2661
1613	2499
30	2510
2081	2525
176	4505
1954	2726
62	3022
1094	4785
156	2499
1786	2505
1303	2504
142	2759
2363	3989
1300	2678
650	2618
21	3779
864	3791
1409	4223
1341	4977
371	4856
333	3208
1983	3819
343	3915
953	3761
314	2634
47	2814
639	2830
852	3762
261	3198
6	3246
668	3443
130	4152
327	3940
340	2543
0	3763
207	2612
225	3300
469	2520
6	2667
23	2560
1651	3788
669	3068
557	2928
2021	2582
58	3995
324	2520
318	3958
324	3129
1641	2502
2346	3893
329	3223
1433	3783
2474	4900
1909	3321
2062	3496
474	2509
784	2592
1362	3162
626	3447
95	3217
906	2900
7	3137
660	2499
642	4260
1261	3776
3	2930
435	3525
593	3032
11	3007
335	3359
20	3852
106	2812
5	2558
881	2667
22	2608
1389	3086
2058	2588
704	2850
230	4573
2134	4062
2187	3189
104	2562
381	2587
1588	4733
1574	3125
236	4554
635	3752
78	4382
2267	3362
707	2500
0	4755
412	2507
264	4700
88	3770
171	2851
484	2501
100	2974
323	3505
361	2513
69	2695
666	2553
167	4689
1257	3301
802	2966
2117	3793
330	4238
1771	2818
235	2646
354	2822
1056	2662
325	3754
1023	2700
1276	2544
1886	2696
25	3094
762	2582
1277	3942
279	2812
1412	2852
163	3751
178	3793
401	2549
706	2626
252	3996
27	4535
103	3152
22	4397
10	3320
90	2504
1603	3681
1266	4850
20	2499
313	2859
677	3300
1290	3443
51	3140
1413	3923
629	2941
664	2597
746	3865
669	3284
790	2568
363	3204
254	3126
430	2678
7	3808
42	3858
59	3763
2249	3295
131	4728
20	2562
313	3204
490	3594
89	4208
856	3124
708	4876
1301	2831
260	3172
1252	3764
1409	3857
473	3991
1472	3467
81	2968
498	2720
156	3759
1175	3799
2266	3255
120	3925
1074	2508
1617	2529
1972	3829
940	2520
344	2814
70	4621
318	2502
1798	3621
1525	3754
107	2692
742	2520
650	4062
1909	3882
1408	3785
1171	3290
1236	3263
114	3130
1454	3019
1266	3515
2050	3320
1251	4306
176	3710
2	3813
105	3760
791	3661
11	2503
236	4849
157	3838
1289	3212
208	3762
392	3342
1906	3007
281	2587
178	4465
1291	2515
1367	3134
1201	4730
676	3170
519	2676
103	4582
346	2658
336	2778
1294	3445
1908	2923
127	2786
354	2663
1022	2612
2426	3957
1955	2526
1112	3876
868	3008
1689	3204
20	3021
640	2530
413	2700
665	3334
1923	2829
333	3832
1584	4267
645	3282
1264	3131
1033	3455
1661	2748
2	3146
199	2820
374	2973
45	3830
2089	2966
200	3163
821	3483
937	2678
3	3225
718	3534
1564	4735
222	4485
888	4152
326	2661
1318	2547
164	3774
1368	3164
123	3828
54	2812
1411	3879
718	2590
1613	2656
59	2603
528	2818
1580	4065
196	4114
54	4472
1621	4413
159	2737
521	3815
2109	3762
444	4385
640	2786
724	2670
169	4301
330	3183
2266	3242
1832	3555
405	3054
496	2553
999	4491
696	3827
1252	3229
549	4492
20	2817
901	3356
473	4389
250	3910
99	3262
196	4653
786	2528
301	4084
784	3300
549	3127
1884	4590
1428	2916
2	3359
119	2508
859	3238
1024	2667
396	4025
215	3204
1179	3751
59	3828
944	4667
759	2499
821	3032
1350	2764
323	3467
942	3154
499	3466
388	3644
125	2627
1419	4867
50	3576
1429	3146
1562	2504
811	3359
2	4844
1663	4490
469	4384
1604	2550
90	2656
430	4714
157	3906
275	2620
2202	3906
627	4707
70	3749
185	3466
99	3320
957	4065
1879	3085
5	2876
2343	3750
1335	4106
2056	4125
708	2538
1372	2681
1548	3350
315	4038
325	4308
20	4687
277	3769
2134	2560
221	3749
2043	2917
1207	2507
1565	3388
86	2892
1875	4459
1416	2504
81	2678
100	4247
5	2937
1156	4169
1615	2559
587	3702
787	2709
1321	3913
352	4064
79	4628
175	4513
5	3169
1954	3762
2047	2997
357	3359
1433	4590
976	3934
1577	3288
1186	3055
384	4394
1106	2637
1650	3757
1251	4238
2285	4142
1174	4454
1455	3713
171	3847
3	3144
1997	2539
60	2670
369	2828
1961	3195
1505	3966
1897	4727
535	2543
156	3859
1217	2598
1274	3041
1	4709
32	2764
62	3750
56	3779
170	2920
852	2765
542	2526
640	2587
1513	2508
892	4525
355	4511
1563	3790
142	3223
1765	2841
191	2688
17	2685
1004	3202
255	3942
553	3500
733	3048
2095	3785
821	2509
79	2950
808	4678
1250	2626
178	2880
1331	3052
94	2499
25	2894
156	2499
2211	3946
793	2657
1624	3782
950	3282
1255	3008
5	3125
549	2756
948	3261
646	2502
626	2815
49	4394
676	3912
1828	4152
80	3378
1124	4413
59	2831
793	3329
2032	3138
6	2744
318	3751
1318	2577
1084	3176
762	3063
1804	3282
704	2593
84	3250
2380	3754
1326	4067
1035	4634
392	3130
354	2668
2359	2719
314	2913
1689	4687
10	2899
167	3028
1799	2563
120	3771
1347	2939
197	2500
2188	4489
1746	2937
645	2847
156	4498
203	3936
1329	3339
225	3766
1750	3019
313	3361
1416	2698
868	4592
14	2501
13	3891
17	3957
156	4111
59	4557
1299	2834
1252	4491
1000	2734
187	3447
27	3244
714	3085
274	3241
673	2675
22	2504
177	2602
1648	2597
216	2656
707	4004
1017	4224
1271	2819
676	2619
20	3762
53	3480
258	3599
79	4854
352	2548
1216	3104
103	2660
12	4399
196	4462
1928	3774
697	3127
196	2520
939	4070
0	4238
943	2577
625	2616
16	3771
1186	2540
1252	4141
67	2812
708	3830
323	2509
640	2670
14	4614
355	3291
1762	2657
325	2525
977	3887
245	4638
675	2499
199	4433
1551	4843
2532	7814
3141	8774
2739	8988
3751	7504
4069	7783
2959	7600
2780	7778
3963	8791
3126	8028
2660	7679
4374	9072
3881	9069
3459	7858
4140	7540
4396	7949
2626	9131
2971	7816
3769	7744
2510	9084
4753	7663
3099	8486
2869	7695
3147	7774
3442	7824
2656	8832
4542	8517
3870	7829
3384	7549
2812	7852
3750	7853
3135	8736
2499	9688
4399	9065
4418	7835
2513	8946
4664	8444
2923	7656
2970	7616
3007	8812
3085	8828
2890	8066
3359	9076
2519	7583
3538	8132
3036	9389
3869	8137
3129	8268
2509	8122
3209	8761
4123	8300
3720	8130
3301	7529
2499	8764
3047	8212
3163	7506
2587	7526
2641	7663
3772	7697
2836	8290
3544	7851
2598	8071
3450	8866
3154	7551
2499	8437
4787	7530
2529	7580
2969	8644
3515	7978
4037	8763
2878	8196
3204	8019
2618	7656
2817	8234
2939	7898
3693	8756
3143	8399
4092	8852
2658	7500
3829	8906
2812	8241
3027	7515
2504	7920
4714	9535
3207	8158
2667	9219
4278	8521
3056	9931
4784	8771
4223	8437
2499	7513
2927	8954
2562	7812
2776	9418
2515	8007
4141	7596
2627	8423
2824	8366
2521	8996
3760	7815
3476	8086
3046	8968
3906	8794
2891	7660
3483	7660
3996	7593
3835	8202
2538	8130
3793	8030
2595	7815
3544	8907
3008	7739
3868	7540
2996	9034
3204	8283
3789	8834
2656	7531
3756	8320
3379	7690
3752	9494
4089	8783
2549	8190
2751	7519
2692	8047
4067	9529
4092	8014
3829	7660
2607	7548
2533	9269
2658	9120
2584	9390
3761	9687
4511	8361
3906	8183
3088	9401
3409	7530
2718	7504
3359	8180
3202	8130
2658	8210
2852	8231
3282	9374
2815	8702
3466	7537
2502	8495
2622	8127
2978	8957
3593	7563
2514	8775
2776	7580
4575	8222
2736	9501
2589	7499
4570	8414
4618	8154
4014	8530
2656	8526
2891	7671
3205	8361
3432	8749
2970	8255
3827	7542
2685	7842
3293	8030
3877	7734
2776	8459
3130	8124
3128	9075
2853	9404
2580	7656
2509	9055
3454	7909
3093	8541
3825	7676
2824	7872
4302	8154
4377	9769
3127	8832
3806	9425
4708	8143
2659	8759
3017	9562
2500	7568
4374	8141
2813	9460
2542	7704
4571	8915
3320	8281
2501	8049
4067	8308
2857	7621
2504	9379
3762	7648
3322	7819
3013	8012
2988	7753
2548	7678
2831	7517
3335	7513
2512	8755
3906	7505
2695	8818
2656	8134
2751	7892
2512	9151
3154	8483
3131	8867
2914	8756
3440	7577
2499	7861
4199	7573
4745	9200
2504	8985
4130	7578
3830	7656
2812	8049
3920	8158
3244	7684
3213	7527
3282	7524
4394	7990
2969	7538
3041	7814
3593	7651
3482	7534
3812	9260
2575	7518
3647	8370
2512	8340
3048	8951
2862	7556
3608	5058
2559	5422
3150	6581
2656	5644
3132	5449
2581	5333
4414	6300
2832	5654
3749	6568
2585	5637
2499	6250
4394	5356
2499	5351
3035	5009
4077	5236
2659	6486
2671	6877
2584	5391
2580	5239
3653	5791
2581	6874
3932	6799
3403	5641
3321	6262
4642	5082
2588	5013
2697	5499
4551	5390
4142	5539
3155	7368
2931	5279
3095	5690
2993	6191
3750	5629
2754	6186
2900	6954
4283	6923
4384	5168
2911	5663
2644	6406
2941	6484
2851	5104
2930	5677
4379	5751
4662	5044
3437	6874
2658	6680
3818	5234
3633	5097
2541	5081
3516	5328
2565	5137
3758	5219
3476	6406
3027	6381
3945	6884
2631	5312
2656	5320
3217	5551
3301	6294
2509	5955
4063	5334
2543	6357
2706	5165
4074	7327
2512	5989
3234	5082
4732	5278
2542	6885
3517	4999
2593	5166
4765	5805
4457	5273
3185	5200
4631	5041
2669	6253
3759	6425
2815	6271
2501	5007
2895	5259
3261	5632
2524	5666
2663	5043
3315	5018
4419	6251
4091	6880
3965	5959
3207	6456
2968	6288
3127	7191
3834	6252
4894	6196
4889	6271
2618	5254
2617	5609
2767	5032
3284	5337
3165	5090
2597	5009
4072	6906
2543	5331
3517	7065
2501	7226
2502	6266
2681	5090
2667	6666
3458	6370
3837	7070
2542	5200
2738	6252
2659	5078
2753	7051
2602	5000
2591	6222
4101	5937
4384	5898
2514	6495
2501	5051
4395	5600
2616	6406
3493	5763
2529	5315
2950	5705
4006	6903
3207	5557
4047	6279
3906	6366
2812	5050
2573	6968
3215	6337
3476	5049
2588	5165
2874	5001
2542	6729
2511	5979
3374	5800
2514	5324
3288	5573
4026	5658
2783	6899
2744	5820
3624	5119
3193	5507
4023	5041
2684	5073
3207	6329
4502	5021
2509	5013
2853	5552
3935	6114
2544	5944
2504	5743
3285	5859
2997	6583
3168	6426
4335	6418
2499	6380
3506	6880
3639	5663
3465	5938
3989	6336
4063	6720
3809	5235
3202	5644
3772	5356
3302	5017
4921	5265
2612	6963
2544	5702
3489	6258
4023	5083
3769	6465
2699	5095
2663	5834
2559	6738
2900	5624
3466	5637
2536	5342
2977	5468
4395	5622
3165	5004
2658	5116
4240	5090
2853	6327
2978	7210
3066	5043
3066	6309
2577	6487
2939	5733
3516	5160
2609	6260
2541	5000
2661	5800
2814	7035
2800	6572
3126	5810
2510	5636
3456	7126
3458	5060
3007	6249
3790	5016
3467	5129
4454	6251
3202	5644
2514	5195
3749	4999
2618	6332
2695	5445
3753	6894
2524	5646
3468	5273
2579	5015
3751	5425
3847	5160
3212	7148
3520	5215
2995	6539
2823	6496
3178	6887
2519	5195
4424	6773
2946	5204
3105	5452
2549	5073
3466	6612
2578	5248
2696	5273
4434	6543
2506	5355
2746	6016
4081	5004
2540	6874
2814	6291
3788	6016
2607	5954
4257	6641
4438	5512
3235	6954
2725	5085
4452	5019
2968	6934
4062	6970
3448	5624
3208	6366
3924	5606
2597	6374
4140	6269
2872	5709
3207	6346
3246	5684
4694	4999
3647	6606
3990	5059
2507	6264
2598	6591
2793	6319
3639	5000
3753	6779
4098	5128
2817	5657
2665	6762
3388	6573
3311	5865
4556	5134
2656	5157
3386	5312
3454	5671
2914	5068
3765	5336
2636	5215
3144	4999
4391	6290
4145	5630
2685	6114
3794	6293
4111	5702
3879	6357
3202	5156
4437	5097
4350	7283
4769	6270
3597	5981
2554	5944
3202	5030
2839	5488
4300	6290
4538	7002
3752	6933
3449	5490
3866	5247
3908	6593
3325	5038
3731	5629
4501	5175
2842	6565
3908	5227
4042	5020
2672	6010
2682	5588
3857	5663
3144	6587
3791	5694
3063	5629
2579	5004
3404	5254
3139	6601
3769	5053
3752	6174
3777	5109
3290	6259
3760	5364
4185	5942
4063	5651
2870	5355
4067	5704
3915	7037
4844	5038
3827	5000
3945	5839
4282	6309
4776	5928
3526	6266
2642	5401
2871	5712
2768	5675
3755	5436
3142	5646
3831	6913
4237	7460
3398	5801
2812	6439
3344	5676
3126	5362
2512	5608
2587	5029
2533	6094
3134	5255
4699	5472
2538	5382
2625	6967
2823	5338
3950	6457
4562	5849
3912	6918
4101	5341
3207	7167
3440	6252
3451	6419
2748	6116
2832	5215
3125	6775
3837	6661
3047	5624
4239	6428
2558	6387
3162	5574
3577	6277
2500	5100
2812	5035
4434	5004
3335	5666
2549	6308
3869	5892
4428	5859
3774	5222
2971	6351
4062	5322
3790	5805
3749	5785
2634	5962
3184	5093
3007	6573
3488	6897
3595	6799
2660	5064
2540	5184
2538	7114
3790	5296
3827	6682
4044	5314
4100	5044
3508	6663
2822	5665
3764	5312
4464	5624
2980	5004
3956	5167
3301	6508
2589	6368
2924	5005
2723	5063
2659	5086
3946	6542
2863	5740
3232	6340
3894	6504
3830	6265
4101	5353
2617	5015
2745	5637
2640	5217
2702	5178
4462	5372
2499	6584
3193	5630
4773	6293
3286	5185
2678	6594
3281	6992
2969	6421
2529	6753
4706	5023
3302	5121
4413	5665
4379	6329
2558	5328
2624	5041
2657	6874
3129	5862
2980	5665
3749	5842
3759	7040
3447	5215
4935	5081
3342	5560
3364	6882
3916	6171
2847	5034
3625	5241
4699	5737
3359	5156
3194	5632
2826	5508
2871	5637
3021	5038
3281	5065
3483	5490
3842	5097
2829	5234
2502	6894
3497	5637
2509	6321
3448	5112
3343	5024
3129	5937
2734	6386
3516	5413
4374	5704
3373	7187
2662	6475
3945	7267
3364	6614
2601	5176
3710	7291
3755	5457
3776	5101
4401	5040
2581	5479
3398	5052
4249	5798
3930	5784
3984	5620
2499	5705
2668	5333
4180	6939
3051	6423
2726	5669
2613	5156
3165	5351
3283	5719
4374	5352
2550	5029
2845	5686
2676	6250
4267	5260
2515	5569
4376	6407
3804	5917
4694	5129
4941	5674
3158	5210
3461	7013
2595	6012
2980	6494
3281	6563
3088	5559
2695	5312
3235	5507
2504	5012
4095	5343
3359	6713
2601	5040
2980	6278
4813	5637
3871	6410
2512	5040
2996	6329
2707	6327
7779	2524
8537	3293
7626	2873
7892	2658
9379	3755
9531	3991
9200	2540
8516	3212
7591	3946
8213	4689
9416	2527
9775	2529
7579	2850
7660	3389
7577	3292
8761	2499
7823	2854
7640	2499
8398	3522
7853	2745
7662	4166
7592	3163
8492	2546
8834	2582
7868	3466
8166	3212
7695	3061
7696	4063
7678	4101
8148	3866
7968	2579
9930	3299
9064	3127
9849	4784
8147	2841
8828	3106
8282	2519
7508	4150
9375	3307
8661	3362
8277	4562
9067	2548
7543	3554
8996	2847
7735	4064
9172	3788
8762	3541
9418	3984
9379	2896
7739	3765
9239	2853
7621	2588
9512	4194
7506	3245
8296	2661
8827	3479
8942	2756
8751	2590
8328	3896
7507	3206
7831	2857
7687	2820
7743	2520
9106	3480
7682	2521
7590	3765
7675	4491
7656	2512
7505	4068
9184	4278
8066	2524
7587	2519
9308	2587
8909	3304
7540	2661
8891	3135
9896	2519
7559	2579
7668	2834
7901	4745
8777	2505
8046	4532
8984	3566
7902	4278
8842	3132
8796	2815
7958	3613
7511	4604
8144	2813
7586	3876
9103	3874
7521	4472
8906	2519
9378	3838
7532	2963
9459	2565
7910	2578
9375	3330
9248	3288
7695	2510
8188	2499
8284	3936
7895	3164
8232	2656
7510	3029
7818	3213
7718	3136
8458	3920
7969	3772
9063	2587
7504	2520
9062	3910
9418	3751
7778	3296
9775	2499
9374	3290
9399	2499
7505	4414
7502	3201
8929	2735
8134	2697
7501	2944
8537	4102
9694	3077
7872	2579
8793	2577
7587	3476
8128	2859
7657	2841
7675	4894
7869	4883
8046	4730
7786	3450
9442	3137
7507	2913
8191	3470
8437	2773
9531	4109
9689	2619
7503	3251
8799	4087
8364	2814
7991	3018
8633	3320
9540	3879
7838	2656
7538	4062
8437	2915
8437	2891
9238	4070
8067	3931
8408	3480
7833	2739
7624	4573
7524	4145
7516	3786
8198	3761
8942	3151
8320	2862
9589	2499
7562	2970
7512	4463
7836	3193
7632	3140
8847	2521
8321	3077
9285	3603
9556	3128
7673	2958
8791	4023
9385	2533
8798	2509
7673	3752
9192	4177
8237	3232
9922	2798
7802	2621
7675	3066
9706	2793
7504	2842
8163	2819
9804	2501
8097	2670
7892	3129
7499	2580
8315	2608
7503	2668
7756	2803
8071	4394
9698	4609
7558	4694
9271	2814
7823	2925
8124	2626
8088	2658
7971	2820
8830	3447
8989	2703
9540	3124
7541	3500
8524	3447
7714	3420
9074	2504
8879	3765
7636	3327
8401	2510
7538	3740
8618	3593
9083	3672
8757	3913
8715	2519
7613	2574
8847	3837
7841	2819
7499	4697
7584	3989
7989	2676
7700	4241
8245	3700
7505	4805
9140	3893
7902	2616
8203	4408
7502	2857
7544	2548
8071	2696
8261	3478
8027	2665
9389	4064
8594	2851
9404	2410
7819	628
9065	2001
8460	117
7710	756
7781	782
9714	1270
8594	150
8127	344
8261	368
7812	30
7822	1319
8107	4
8573	181
7520	161
8320	23
7870	1251
7717	1026
8261	316
7602	1429
8603	18
7736	14
8770	379
7519	512
7982	156
7826	159
7548	1465
7970	2038
8830	71
9074	1726
7856	33
8440	157
9570	411
8361	1895
8762	795
7600	0
7696	2199
9072	20
8848	242
8784	470
7568	972
9251	1408
9093	1039
9852	2089
7668	1534
7842	2031
7500	1036
8788	181
7814	243
8808	201
7597	531
8256	1152
7559	1914
8849	2203
7602	2070
8409	1588
8248	2146
9662	367
7621	811
8838	78
8329	156
8310	874
7519	28
9135	786
7920	1173
9404	287
7539	941
7517	1477
8932	316
7669	59
8350	1406
7546	1016
9260	1288
9260	78
7980	646
9553	667
8067	376
8216	784
7540	9
7658	1595
8837	318
7500	2
9592	631
7563	1877
9019	742
7530	1282
8768	704
8898	569
8449	6
7584	79
8790	348
9069	2047
8906	2175
8600	115
7538	313
8320	1667
7512	322
9389	723
7823	2265
8749	10
9075	218
8163	3
7990	1759
7500	2
7509	1679
8159	1025
7705	1311
8088	45
7852	2266
8403	42
8014	664
8828	179
8928	342
7521	162
8168	1495
8907	1253
8798	1335
7583	782
8566	636
8682	2347
8643	1643
7817	1715
8437	32
7944	2344
9563	178
7675	1845
8945	36
9517	289
7582	1993
8793	352
9282	315
9335	459
8837	1641
7702	2272
7740	1271
8097	1257
8600	627
7979	1302
7819	345
7499	7
8154	710
8194	597
7577	2065
7685	1729
7893	21
7507	192
7543	625
7546	1880
8750	222
7538	1295
8371	63
7558	1950
7580	1289
9877	442
8756	1499
7602	682
8925	189
7676	267
8749	1206
7897	199
7512	469
7813	918
9192	1016
7564	2296
7883	0
8931	10
8908	8
7657	1875
7813	1001
8325	915
8848	358
7509	10
7856	1380
8245	1318
8241	5
7812	809
7851	645
7872	625
9765	1314
7519	2353
9163	382
8124	179
7577	117
9844	981
7500	1270
9496	27
8301	396
7847	782
7536	1421
9179	635
8190	676
7543	667
8486	196
7695	2433
7580	644
8680	355
7502	53
7687	159
8862	40
8437	2200
7887	662
7853	30
7530	436
7685	38
7997	513
9379	318
7535	5
7501	56
8907	950
7510	1908
8359	1279
7616	310
7554	1282
7598	80
8176	1003
7988	939
7520	660
8174	1563
9543	1380
8790	246
7564	1253
7902	207
7504	1412
9114	629
7602	470
7667	1606
9655	430
8818	791
7841	78
8677	1566
7526	122
8759	324
7779	1504
8202	587
8760	937
9827	986
9219	158
7833	412
7530	637
9272	1939
7812	281
7678	1880
7512	324
8854	2033
8827	1369
7507	2267
7824	1270
9193	938
8130	987
7552	1500
7704	196
8418	1295
8765	2379
9399	723
7897	1687
7538	196
9474	1408
9384	1347
7499	645
7851	235
7640	778
7793	1583
9611	850
7511	747
7667	627
7900	69
7519	2319
7701	3
7584	17
9701	1274
9621	1843
9512	637
8000	20
8498	402
7675	477
7856	1877
8210	1411
7504	1333
8906	383
7812	1347
8329	40
7540	99
9341	11
7671	190
8476	2233
8984	879
9719	967
7499	782
8132	315
7516	521
8751	122
9387	30
8835	863
9564	1294
7821	1565
8125	1665
8913	1450
7609	431
8918	167
7824	1259
7509	727
7853	41
8859	117
8796	2044
9597	626
7675	159
8968	2190
8154	413
7510	21
7588	784
7764	11
9082	356
9123	32
9064	1152
7582	1250
9147	79
7890	318
8244	1330
7538	549
9482	1623
8508	186
7856	379
8124	1595
7558	140
7819	2062
8763	1
7529	1329
8594	726
8872	396
7853	177
9031	330
8442	1973
9144	1567
8913	1546
8311	1455
7656	1350
9399	942
7510	1950
9477	2
7889	2087
7736	1261
8950	1128
8879	34
8779	1144
8849	46
8793	313
8127	1350
8178	2207
7657	59
8188	469
8994	1330
7739	418
7513	1933
7736	909
7880	1582
7743	803
7607	2033
8536	49
9767	481
7597	631
9532	3
9081	1590
7880	638
8337	103
8441	449
7521	1895
8012	30
9191	1273
7852	372
8789	1484
8763	319
9075	1918
7934	401
9581	1562
7549	25
8130	645
8750	316
9387	183
7734	1113
7584	491
7626	211
9168	391
7587	1294
7626	1257
7586	1601
8762	88
9435	786
7606	967
7575	1286
7704	8
7587	1070
8124	326
8830	987
8295	151
7523	449
9751	2070
8749	1927
7505	474
9476	2
7740	635
7724	1260
7669	0
7599	681
8616	342
7892	1649
9709	1790
7771	841
8476	469
8054	1017
8915	1386
7970	1925
8751	469
7582	859
9499	162
9003	318
8170	1954
8303	11
7505	1330
8827	83
8749	81
7833	625
9500	315
7914	1419
7892	40
7892	2363
7736	1565
7511	923
8448	403
8177	731
9218	1256
7578	52
8624	313
8752	15
8757	6
7660	510
8414	202
7616	4
7714	93
9376	39
7891	1592
7660	894
8532	5
8144	635
9408	81
8760	1416
9377	655
9418	366
7878	322
8070	1884
8378	625
8918	1958
7931	48
7665	754
8174	684
8442	1394
9087	0
7502	962
7792	2090
7513	1254
7521	651
9755	1731
9731	10
7794	714
9356	1515
7526	694
7627	1404
8815	13
7507	1408
8343	537
9394	44
9533	688
7812	802
7510	2008
7603	1305
7720	1252
7891	125
7513	1020
9707	11
7778	1592
8481	47
7502	399
9721	646
7548	176
9045	343
7895	1916
8794	1
7549	53
9549	44
7659	2197
7518	1336
7543	654
7736	89
7883	1174
8791	997
8793	540
8462	1338
9537	61
7519	1282
5634	2519
6603	2802
5007	3654
7211	4583
6259	3466
6602	3295
5001	4781
5392	2588
6297	3267
6259	2734
6429	3516
5937	2697
5185	3135
5016	4340
6876	3838
6490	4434
5546	3336
5781	3229
6279	2546
5274	2509
5020	3616
5077	2522
5237	2599
6719	2909
5217	3764
5131	3057
6536	3383
5229	4784
6291	3604
5016	3911
6060	3769
5316	2812
5636	2618
5357	3832
5334	3411
5741	3282
5476	3147
5314	2671
6573	2755
5827	4067
5567	2538
5628	3796
6270	4150
5048	2823
5084	2504
5489	4141
6290	2902
6937	4103
5734	3996
5803	2570
5086	2514
5474	4160
6249	3765
7243	2638
5200	4377
5000	2534
6573	4103
6003	2658
5021	2726
6351	3751
5014	3614
5654	3692
5937	3047
5019	3887
5080	3022
5207	2515
5016	2853
5440	2667
5311	3771
5363	2815
6406	3208
5801	2596
5002	3908
7009	4477
5649	2665
5342	2516
5312	3947
5400	2667
5352	2511
7043	3896
5008	3129
5033	3165
6235	3255
6727	3808
5079	2587
5625	3525
5176	2891
6567	2597
5303	2501
5666	4893
5069	2909
5018	2597
5178	3918
5492	3048
6255	2524
6044	3176
5546	2850
7031	2815
5269	3204
6323	3459
5168	2839
6578	2659
5178	3213
5019	3791
5116	2677
5666	3285
5134	2813
5044	4381
5322	3322
6288	2964
5080	2505
5088	4069
6103	3827
6816	2885
6682	2700
6257	3830
5490	2892
7468	4424
5256	3750
6924	3187
5951	3477
5087	3907
5761	3521
5468	2753
5254	2577
5104	3755
5314	4377
5091	3872
5243	4941
5333	4419
5002	3752
5350	2762
6352	3007
5038	2695
6563	4767
6288	3383
5942	2969
5635	3603
6303	4076
5312	3419
5488	2656
5356	3835
5006	2563
6508	2569
5234	4415
5141	2775
5329	3281
6583	4122
5705	2657
5976	3144
5666	2714
6666	2676
6252	3526
5163	3281
5276	2512
5625	3581
5082	3302
5888	3184
6328	2911
5371	2539
6952	3205
6469	3438
5937	2614
5107	4194
5040	4413
5001	3154
7266	2585
6577	3207
5690	3132
5157	2511
5507	3645
6263	2680
6269	4101
5977	2508
6016	2604
6288	3539
7252	2512
5019	2548
5059	2559
6105	2929
5704	3749
5239	3922
6175	3145
6425	3162
5072	3049
6434	2541
5606	4901
5434	2509
5629	3488
7148	3710
6644	4414
5088	2718
6816	2528
5976	2836
4999	3282
6871	3212
6308	3757
6407	3755
5324	2507
5626	3925
5390	2577
5800	2782
5253	3176
6260	2660
6413	2502
6587	4413
5176	3010
5026	2649
6895	4687
6264	2509
5444	2740
5195	2833
5214	3077
5234	4540
5133	2734
5001	3779
5341	2501
5784	2813
5650	2940
7007	2774
5331	4306
5039	2552
5029	2778
6811	4650
5784	3169
5022	3753
6713	4335
6488	3907
5019	2540
5098	3372
5009	2517
5331	2549
5947	3469
5492	2930
5634	3570
5940	3212
5475	2580
6249	3175
5641	2910
5451	4970
5165	4157
7233	4086
6591	2737
5013	3840
6879	3911
5156	3868
5468	2659
6504	2577
5925	2856
5488	3693
6582	2580
5683	3520
5171	3207
5087	3792
5060	3769
6607	2704
5195	2513
6296	3200
5038	3680
6504	2723
5041	4923
6857	3804
6955	3124
5141	2969
5313	3412
5402	4050
6595	2746
6777	2866
5947	4770
5320	2851
5052	2588
6885	3843
6034	3447
5043	3163
6373	4081
6651	3398
5004	4378
5319	2665
7115	2734
5002	4112
6962	3788
7054	3965
5043	3303
5005	3134
5038	2968
6254	3437
6620	2519
5029	2552
5940	2834
6973	3458
5118	2678
6321	3915
5654	2968
5803	3322
7244	2653
6291	2566
5722	3769
5859	2515
5738	3793
6890	3283
6914	2501
5136	3146
5009	3027
6250	4692
6877	4650
6293	2516
5391	2911
6447	2856
5087	2636
5009	3577
6900	2968
5165	3186
5646	3447
6791	3283
5978	4540
5000	2587
5458	2974
5490	3303
5001	2999
5009	3995
5488	4380
5699	2920
5783	3058
5635	2706
5483	3769
5312	2519
6672	2549
5076	3140
5839	4181
5861	2876
5176	3368
5646	4162
7122	2823
6640	3398
5450	2550
5088	3168
5217	3047
5815	3148
5234	2547
5940	2668
5002	3271
5713	2509
5666	4140
5470	3130
5165	2544
5937	3791
6546	4551
6264	3305
5751	3754
7367	2975
5167	3740
5634	3868
5840	2545
6681	2538
5093	4391
7080	3768
5077	2621
6312	3872
7034	2499
6413	3459
6450	2750
5577	4082
5534	2612
6332	2812
6625	2547
5402	3143
5995	2527
7033	2562
5175	4142
5014	3476
5801	2825
5367	2836
5700	2555
5723	3407
5032	3830
7111	3169
6751	4529
6318	2521
5781	4101
6271	3061
7187	2695
5318	2499
6875	4760
5008	4535
5940	2588
5490	3649
5036	2520
5908	3128
6493	4067
6264	4457
6974	2812
5867	4394
5077	4063
6686	2626
5685	4551
5840	3146
6329	3792
6305	4247
6341	4438
5741	2520
6567	2628
6467	3405
5990	4131
5013	4413
5820	3918
5477	3829
5141	2697
5361	2833
5224	2812
5351	2502
7193	2984
6277	4872
6883	3158
5776	4726
6314	2614
6150	3292
6761	2630
5342	4107
5431	2548
5637	4075
6889	2539
5107	3751
5626	4456
6201	4103
6984	2972
5080	2773
5027	3237
5128	3769
5405	4922
6563	2669
7031	2515
5798	3281
5727	3055
5048	4218
5732	3458
6341	2842
5391	3593
5146	2626
5899	3954
6337	2539
6288	2658
5801	2671
5004	4257
6583	3924
5800	2541
5022	3818
6290	2858
5724	3849
5273	3232
5756	3759
6579	2833
6526	3830
5001	2906
5010	2627
6902	3165
7197	4463
5044	4191
5547	2529
5204	3924
6037	2505
5102	3866
6890	3561
5354	3234
6695	2797
7353	2501
6017	2663
5663	4613
6298	2651
5237	3302
5077	2590
6731	2579
6454	3750
5318	3154
5787	2843
6289	2551
5264	3906
6175	2499
5656	2846
5342	3410
6562	2942
5058	2786
5368	2598
7338	2695
5639	2937
6579	2505
5485	3322
5156	2842
7080	2505
5684	4219
6282	2530
6103	2974
5175	2570
5945	3496
5179	3677
5787	3350
5595	4697
5009	3145
6308	4034
5314	4316
167	5976
1904	5315
20	5481
0	6366
396	6601
1447	7411
1416	5052
1271	5195
42	6388
214	5326
28	5253
2077	5003
399	5088
952	6291
1349	5329
100	6905
559	5683
685	6799
1662	5741
172	6905
1293	5868
939	5590
1036	5667
156	7193
1721	5390
1133	5170
393	5439
166	6524
1282	5644
450	6568
2082	5627
28	5179
1383	5125
1277	6877
1670	5703
2105	5119
795	5492
1369	7154
1055	5790
317	5198
1	5022
641	5842
1895	7034
710	6294
1357	6318
1668	7176
1250	5116
50	6041
185	5102
1729	6264
637	6265
154	6271
39	4999
1371	6163
1271	6447
39	6447
699	5001
13	5078
701	5563
139	5390
160	5120
509	6367
1133	5351
943	5527
342	7036
648	6253
338	6074
1336	5004
190	5032
10	6284
401	5296
840	5055
1407	6878
1563	6927
1134	7197
976	5148
1623	6342
2307	6351
977	6846
176	5806
430	5569
14	5019
1774	5038
2010	5422
627	5330
469	5546
158	7461
1407	5022
670	5322
2038	5787
1263	5690
1875	4999
651	6258
450	5077
1485	6367
1980	5801
2046	6341
1876	6290
188	5649
1477	6611
293	5013
632	5368
1729	5207
1299	6415
1294	5080
59	6537
120	6621
823	6293
453	5012
207	6194
108	5078
1261	5335
50	5342
650	5431
198	5170
24	6640
1618	5071
10	6650
99	5322
1262	5332
33	5334
1748	5021
0	6293
1270	5001
649	7070
177	6098
247	5322
13	7305
1260	6905
2265	7032
1133	5079
335	5800
2148	5156
806	5007
359	5662
657	5356
562	4999
218	5176
2210	6406
1336	5803
471	5648
1428	5626
371	6446
1372	5040
0	5063
202	6992
314	6882
792	5231
393	5431
1250	5093
1408	5019
95	5018
333	5022
3	5802
843	5005
813	5336
1022	5009
1272	4999
939	6825
1621	6727
1683	5976
177	6908
684	5948
61	5001
11	6777
1763	5627
63	6406
239	6353
756	6720
2032	5167
1095	5097
945	6418
81	5084
708	5806
397	5825
1227	6408
1095	7031
753	5007
216	6899
1429	6106
874	6406
129	5112
237	5724
1269	6800
952	5088
11	5498
1020	6406
949	5337
661	6962
976	6875
574	5781
1880	5009
2199	5011
274	7190
337	5160
192	5512
1141	6953
1430	5327
5	6284
1330	5790
267	5009
128	5043
1490	6959
31	7016
743	7111
980	5185
93	6332
1525	5420
314	5864
1804	5077
274	5214
1476	5044
2042	5870
1879	5334
1643	5052
236	6002
996	5051
325	6913
2042	5801
625	5781
950	5000
22	6263
984	5239
333	5820
9	5039
125	5947
44	5489
1505	6874
711	6005
45	6895
2014	7343
80	6601
22	5807
850	6913
1271	7435
159	6100
363	6252
1013	6855
352	5127
1372	6406
1354	5133
105	6879
687	5136
2203	5316
2139	5168
863	6290
2073	5095
108	5705
1689	5113
1260	5157
52	6829
669	5002
251	5212
1370	5820
1887	6249
1870	5624
1914	5019
1408	6571
17	5868
640	5401
47	5778
679	5121
1360	5966
5	5312
236	6279
509	5809
742	6193
1319	5453
39	5119
156	5554
0	6592
646	7035
25	7105
2354	7033
625	5629
1875	6306
1369	5688
2300	5722
566	6923
10	6813
742	6301
170	5523
218	5004
89	5002
1901	6407
1255	6259
1643	6251
2278	6421
332	6269
193	6431
748	5705
1316	6578
695	5674
763	6584
698	5502
197	5198
667	7186
159	5394
257	6918
1648	5632
1664	5170
2219	5009
80	6185
627	6554
816	5781
732	6597
1897	6314
1772	5452
0	5060
81	6594
1368	5195
208	6343
1106	5356
746	7075
1250	5391
1494	5331
355	7432
537	5991
2192	5694
1360	6105
1296	6843
28	5019
571	5093
177	5527
304	5351
706	7414
2199	6038
33	5781
1056	5021
630	5235
1270	5664
189	6880
1505	7252
2091	5089
1621	6253
942	5962
1803	6738
1889	6025
2120	6350
1954	5178
2343	5337
401	5636
25	5654
1250	5424
352	6913
1319	5630
1901	5546
332	5562
19	7233
1289	5593
333	5030
781	7465
942	5322
1290	5628
1997	5121
1330	5431
84	5497
242	5314
501	5275
437	5005
6	6270
3	5037
443	5097
1465	5319
422	5331
332	5243
2012	6880
81	5050
510	5005
635	5066
469	6259
722	6016
2227	6806
39	5507
1373	7120
1662	5650
1817	5668
576	5340
99	5136
1933	5458
130	6318
665	5530
1943	5635
823	6796
820	5010
939	6038
51	6699
742	5198
5	5319
1438	5709
159	5684
1332	5002
1411	6625
147	5156
494	5616
1449	5164
1717	6739
467	5968
399	5082
177	6352
8	5119
1498	5102
637	7031
318	6894
872	6720
30	5109
1269	5478
198	5323
1333	5392
469	5097
0	5176
1412	5099
187	5021
635	5361
1602	5596
164	5645
463	5720
2369	7227
411	5948
14	5741
333	6562
1887	5160
996	5716
632	5005
2346	5007
1645	5123
1255	5259
789	5244
822	5185
319	5040
177	5937
10	5586
69	5182
464	5641
5	5127
449	5003
1143	5245
940	5634
775	5006
1660	6538
277	5038
2230	6874
1275	4999
1290	7245
787	5357
166	5090
1316	5801
1596	5322
238	7109
84	5636
537	6142
2388	5160
1094	5737
1897	5035
413	5250
669	7197
792	5058
1430	5004
1615	7053
695	5939
66	7082
318	7154
1291	7336
1282	6413
1094	7280
3	6876
898	5054
1885	5644
2422	5087
366	5729
720	6103
655	5752
156	6280
949	5184
1729	6875
192	6374
1686	6425
1250	6564
106	5335
435	5027
469	6875
1281	5319
441	5860
40	6288
1796	5378
472	6303
1330	5074
967	5204
571	6230
1262	6407
89	5246
939	6952
106	5332
354	5333
166	6340
1505	5312
860	7267
638	6883
723	5156
40	6918
1117	5220
341	5088
1407	5787
1916	5333
1375	6136
1879	5244
952	7109
1074	5093
937	5127
2194	6345
10	5862
1876	5707
1427	6430
1413	5015
313	6581
189	6879
1973	5999
10	5805
20	5920
649	6874
889	5254
160	5627
81	5019
0	6288
54	5107
81	5001
1	5351
313	6412
5	5549
315	5080
196	5361
708	5004
1732	6874
2100	5702
1255	6819
782	5411
1255	5312
2	6240
2252	5010
919	6456
697	5049
1296	5449
1396	6371
3	5200
2250	6577
2007	6680
818	6955
89	5278
488	6273
279	6066
2287	5325
2346	7163
751	6493
162	5004
3	5391
434	5004
25	6315
0	6324
645	5353
1428	5175
1489	6562
513	5373
1274	5353
1336	6583
705	6254
257	6702
636	6301
186	5803
739	5019
117	5053
1607	5027
688	5150
1276	5186
2208	5672
1922	5390
1709	5649
34	5214
0	5158
1684	5684
962	5800
1332	5489
1723	5039
28	5354
752	5010
419	5741
552	6564
469	5020
1279	5246
200	6808
478	6562
2236	5141
2109	6122
1055	5937
353	5257
163	6587
1377	6142
1510	6124
981	5120
464	5693
1275	7216
639	5001
480	5002
12	5163
167	6496
630	7051
63	6098
1533	5704
479	5022
1406	5166
1423	5038
49	5646
235	5358
22	5820
1909	5117
606	5390
2334	5003
626	6877
1226	5010
5	5314
1186	5358
159	6952
444	5937
157	5179
1469	5401
177	5937
1335	6396
943	5362
822	5083
3	6720
851	6290
264	5058
41	5834
104	5820
105	6631
1426	5002
705	6219
0	6504
1373	5042
274	5314
1310	5981
695	6408
518	5021
771	5140
1955	5383
49	5412
703	5004
959	6606
314	5694
474	5161
1320	5518
78	5250
103	5171
1108	4999
2033	6279
137	7136
167	5732
119	5047
210	5478
1257	5644
2034	5637
91	5372
316	5196
547	5378
313	5403
1622	6277
192	6377
938	5588
313	5899
1608	6260
2372	5015
50	7348
703	5871
1391	6313
132	5966
647	5192
160	5107
1116	5092
721	6904
1016	5110
471	6417
629	5625
2032	6125
782	6981
781	5197
2311	6377
1445	6251
481	5361
225	6437
685	5817
629	5806
783	6254
638	5004
730	5554
117	5171
629	7221
1118	7234
1651	5380
14	6299
684	6408
1304	5182
1278	5320
95	5353
1271	5219
8	5859
1289	6415
1157	6508
1260	5552
172	6428
313	5070
1252	6020
835	5781
1977	5165
322	6955
1322	5048
1846	5022
25	5269
2	6291
1433	5002
82	5527
1268	5161
508	6406
114	5468
93	6210
471	5298
315	5114
396	5323
10	5780
884	5474
576	5671
2277	6729
81	5324
239	5337
1962	5049
20	6415
1621	5322
1780	6364
635	7344
283	5395
1387	5072
313	5709
311	5292
1936	5043
484	5015
110	5450
11	5146
147	5866
989	5044
316	5444
365	6123
1414	5629
133	5236
236	6276
1718	5027
22	5022
95	6596
53	6495
649	6568
1289	5722
121	6448
709	6274
1662	6264
166	6313
2281	5055
216	5118
1045	6266
59	5243
163	5668
166	6640
713	5012
1197	6056
908	5324
1255	5060
2128	6253
1751	7050
6	5043
86	5237
635	6336
53	6682
1962	5512
81	7197
1026	6118
1582	6122
320	5983
162	5132
554	6946
2343	5202
2	5731
715	5339
322	5674
1897	5345
1344	5429
728	5265
882	5945
3	6642
530	7089
801	6255
2041	5317
39	5748
1856	5825
627	5390
733	5127
2446	5165
44	6374
156	6603
398	6031
1119	5662
960	5015
1417	5234
1275	6015
365	5234
30	5864
1106	5013
1449	5723
1440	6409
1250	6874
1722	6484
55	5792
315	6274
16	5127
1437	5007
840	5206
1328	7279
1313	5013
1548	6681
1884	5287
255	5634
200	6155
0	5202
1972	5473
316	5204
1017	6904
1280	5630
78	5180
1412	5012
665	5021
748	5074
2070	5746
136	5451
743	6747
642	5134
1299	5705
1568	6965
963	5131
0	5665
976	5548
254	5522
1289	5588
1523	5629
1379	5059
646	5019
1020	5019
1406	5654
1628	5038
2075	5127
706	5156
1749	6103
1413	5165
255	5960
679	6576
1499	5008
1414	5624
541	6855
1263	6464
790	6064
61	5014
547	5646
391	5908
415	5525
341	5668
1508	5013
670	5243
482	5944
548	7247
235	5000
313	6016
309	5015
2088	5190
297	5042
186	6509
313	6623
638	6260
1291	5551
1942	6562
1016	5470
313	5001
625	7061
322	6132
16	6253
397	5178
271	5362
713	5042
869	5848
2236	5112
320	5709
181	5029
2287	5131
1563	5716
39	5427
208	6933
1459	5477
1626	5097
6	5002
1958	5156
869	7079
686	5656
21	5527
391	4999
371	5043
319	6601
1917	5317
444	5644
117	5061
1250	6882
901	6290
2046	5180
4	7149
1097	7262
723	5162
138	5422
581	5009
163	6277
5	5391
669	6017
557	5390
637	5030
158	6255
235	5827
48	5003
245	6291
0	5041
430	7210
1876	6379
1309	5627
48	5667
1429	6016
642	5158
283	5313
818	5060
1329	5745
1543	5458
613	6547
1174	5624
0	7140
627	6310
723	5011
625	6030
796	6564
260	5236
333	7237
687	7057
1260	4999
1407	5331
627	5098
141	5502
198	5314
788	5292
398	5197
509	6690
10	5646
889	6708
1665	5628
323	5435
1727	5048
654	5641
80	6264
2424	5324
860	5044
129	6616
632	5238
1371	6047
948	6874
2263	5312
161	5790
1484	7228
9	6299
607	5859
274	6904
182	6474
1650	5714
201	5075
369	5635
824	5868
1611	6584
5	5409
338	6661
1351	6452
129	7078
404	6278
200	6593
1741	6093
942	7070
313	5869
64	5770
830	5372
1499	5888
1682	6368
1289	5673
1390	5716
1981	5323
230	5733
43	5781
5	5048
1117	5651
2266	6252
1330	7159
1194	5169
1313	5893
10	1607
638	1875
222	1021
0	1282
1623	131
979	1918
84	318
1568	1602
719	10
1023	626
210	1348
13	870
1289	518
808	81
1411	1507
608	137
166	40
56	196
1357	455
2189	254
1064	95
10	670
1459	6
1040	1588
21	59
792	627
588	958
666	247
105	822
637	0
714	325
703	646
1614	1147
1565	77
401	645
1417	50
372	111
1823	1250
1096	806
2	1328
1876	1267
84	806
356	1310
1490	1945
84	1436
2265	82
408	557
1480	20
1958	40
117	642
177	94
479	30
1250	527
1720	1333
2256	1289
811	752
324	947
1377	182
2338	513
2347	1724
5	338
322	635
1059	160
84	1153
1587	1363
723	1058
1172	94
2187	1
417	274
1271	1250
1274	2036
707	608
1396	1457
375	709
327	2037
2227	1916
2089	908
498	31
89	42
806	1382
881	253
1744	625
257	8
900	338
225	647
1917	462
2	1116
1329	41
179	739
944	337
181	1534
898	167
0	245
44	508
27	191
315	32
631	6
499	1601
628	945
2	333
1570	257
161	1965
1	1308
31	20
627	315
2	1587
1465	1208
41	20
1236	1315
723	0
1330	10
1290	1133
13	606
372	1272
2072	743
2	1102
319	981
786	1644
1613	242
955	321
157	625
98	70
290	138
196	340
1584	1250
713	2013
1343	630
158	1740
79	2350
82	488
319	626
1097	1329
949	718
664	236
1962	0
177	1979
1300	703
613	1914
1641	15
0	1969
128	2070
1544	573
480	665
78	1301
1255	104
16	969
12	1880
1338	412
807	898
343	1683
1267	669
1826	909
1685	1219
1255	39
1328	2153
784	742
166	84
2194	2344
823	657
1416	1917
1413	1876
1876	984
0	117
260	137
942	1
197	1953
1257	10
2	347
164	0
323	2031
1293	2189
205	8
1260	1260
81	1728
2060	474
684	1211
992	330
3	111
8	7
625	24
1321	7
1455	124
1679	1046
102	479
723	131
1316	747
322	11
118	293
473	1937
1158	20
707	22
1408	548
1436	340
1255	970
670	1735
633	393
1568	821
80	703
1440	1308
167	862
127	361
0	197
1339	80
25	1189
285	631
827	1563
1037	631
566	313
237	749
342	2373
1293	80
451	1260
201	1
99	2288
826	64
28	1291
1543	2468
401	8
855	635
1406	822
571	912
177	30
1591	625
2343	1096
84	201
827	21
160	987
15	645
1299	39
1651	37
18	356
207	1250
1	1274
1955	1813
83	44
1362	183
1271	137
626	823
1468	0
1953	2094
1465	942
1901	1258
2042	509
222	393
171	161
953	323
2041	474
0	166
20	395
964	13
355	109
1296	8
3	729
44	587
1340	625
368	41
1347	41
288	215
1318	289
1657	159
1894	4
1271	1672
83	1953
479	1036
684	948
95	260
2042	1341
1	89
62	2309
313	1017
631	50
551	1303
93	1118
948	242
326	1221
626	2468
100	1458
390	1382
1878	1350
631	1699
256	998
596	654
17	210
479	2211
1344	435
159	12
2110	2073
1302	391
30	25
355	24
660	17
1288	332
2434	169
474	898
1255	640
1059	645
1943	1760
626	156
719	435
108	1406
671	1644
1033	1563
898	98
41	188
1672	21
1577	357
1260	484
22	830
1693	1001
2046	1317
2368	7
3	2177
1485	660
321	100
1878	1882
49	469
187	235
178	13
1113	139
429	1718
474	870
2083	645
2158	1378
595	1707
789	1257
1275	131
1426	1311
1299	1934
1916	2367
2324	1582
116	1071
1153	1723
1388	89
239	676
986	1742
986	120
279	1341
11	197
2266	1332
2325	628
1253	1348
828	1783
1272	1490
1933	496
1510	866
2403	872
235	2343
1582	1185
1886	178
969	762
1301	1938
997	629
1588	6
2050	625
800	78
1416	67
1585	1191
1562	11
22	1281
2217	1286
1601	1585
626	1017
1291	228
242	601
413	181
1250	1641
1484	1537
100	764
3	625
135	2065
1144	782
156	125
1345	104
1955	158
820	566
335	1504
1203	20
1939	2123
200	853
1339	67
981	2226
363	577
1174	874
269	1333
159	81
44	714
2285	0
178	319
1340	1650
412	654
78	274
315	20
122	170
352	340
159	1583
880	216
1973	2133
318	2007
235	847
1270	460
940	88
961	1616
2	1251
324	1856
649	2109
78	13
406	176
161	1540
44	1490
691	83
1889	1253
1584	1310
196	667
672	2114
361	91
79	1308
200	1762
120	771
1427	1322
822	2231
115	44
1460	1821
1182	327
391	2307
275	1299
1923	521
1591	1348
2074	2480
1984	391
1748	718
729	235
1038	635
1294	767
948	469
122	444
6	1917
703	860
1025	1368
1894	156
1566	843
1267	161
1183	1966
490	10
1349	38
1883	648
1495	1356
410	870
1879	1338
1165	1055
3	100
1482	514
1601	1889
653	530
1270	1992
64	95
235	627
213	488
92	235
91	494
363	167
188	488
1575	1489
255	313
67	1369
635	642
1800	1252
2344	333
105	554
1408	1711
449	342
80	981
20	114
1408	99
1268	83
1343	640
99	2167
1890	1877
325	100
161	652
69	672
630	499
205	937
1236	1767
66	1446
1300	80
25	1269
1339	496
1503	1253
1445	1339
1294	2249
372	4
486	2207
656	2050
746	1460
1350	562
646	1257
645	1114
1253	2053
1545	1269
60	583
1368	972
84	1634
1466	392
488	510
215	1465
1502	1260
337	39
867	0
1368	901
225	1904
10	1679
83	1031
2369	1441
202	2197
626	1016
636	343
667	57
816	59
1494	1325
200	132
1294	393
2114	867
398	74
1799	1097
1446	20
1565	343
723	392
391	1328
469	559
39	7
215	1358
499	1900
1641	1188
825	1310
1411	899
689	707
1416	1274
238	2042
49	13
11	1331
666	91
793	1253
792	55
434	20
169	903
506	726
1417	391
1355	26
13	3
1958	1704
40	1649
0	158
948	511
1406	1028
42	1280
1075	973
1050	1573
1255	2155
784	626
1250	1673
627	220
199	1760
393	1253
710	2
894	156
89	186
316	2192
1417	299
1447	1408
627	703
1123	710
2422	1300
78	625
690	2187
1655	12
49	1338
142	157
790	327
474	1329
122	1702
471	357
319	626
183	408
1741	940
257	1427
1885	2286
339	167
684	494
55	2233
655	782
791	0
51	1436
250	27
1898	1705
1501	830
675	10
1251	524
1029	706
961	2
645	987
163	315
438	336
287	283
88	318
866	1260
20	1904
1252	1409
1	998
83	820
1937	71
79	477
164	98
655	1650
79	1255
510	1423
1646	1299
49	186
705	1416
1375	74
1602	202
767	181
1914	2187
316	1250
1035	7
394	1281
39	386
1261	60
119	235
1656	822
178	1330
341	167
953	884
1412	343
20	333
903	410
1344	19
2043	157
1250	734
1777	1528
1729	752
513	664
235	56
952	1262
81	998
1878	1279
1613	625
1352	12
1901	1094
1255	1114
1855	626
66	167
176	586
1101	255
5	410
1888	1692
938	940
120	348
321	1585
3	14
172	782
2037	939
1378	236
1417	826
100	113
6	105
1028	588
14	729
1254	927
2100	52
1729	762
438	13
363	315
129	186
1699	1894
30	792
1035	1879
246	16
2067	80
2188	2266
1	1117
1501	544
784	1818
1875	540
488	52
162	1406
158	953
178	235
318	1181
157	85
498	785
201	236
1548	723
1167	681
830	39
147	2073
1272	791
94	104
1722	475
1588	2139
733	1257
2031	1654
59	1293
1567	838
1718	247
1837	156
630	940
47	708
158	86
324	1017
325	366
61	920
238	236
659	28
274	1621
1094	447
337	84
113	1407
239	2227
631	1704
1057	1250
1723	1238
335	69
1426	762
198	137
765	330
196	638
60	99
469	2268
1917	704
634	1523
80	1025
635	2265
20	1098
942	139
210	24
24	20
2343	24
591	313
1377	152
0	1680
1255	2343
1494	676
631	1603
207	1103
284	704
1942	1789
161	176
2197	91
790	39
823	177
25	3
725	557
74	89
318	108
49	0
1006	872
2382	17
414	2062
791	238
293	0
1284	469
469	1889
1251	587
469	156
626	2206
161	645
645	639
1914	41
177	352
79	226
1670	999
78	323
393	2089
1359	626
1876	1406
755	1446
660	1761
963	316
642	1257
14	323
480	141
254	128
625	2302
1282	166
335	398
0	191
987	1603
1593	13
1914	1133
1807	762
127	792
390	673
2204	496
5	21
1210	1426
207	163
168	1310
1758	947
41	2215
42	1796
1328	626
129	2109
157	5
803	1563
473	1005
2197	47
1338	732
976	631
874	21
1314	27
3	904
961	1462
1589	793
98	942
1020	313
825	2188
1416	451
391	654
1201	1108
139	1723
1888	737
65	646
69	2070
1410	0
664	751
667	534
1135	669
786	826
1886	455
909	1485
1926	196
1384	912
82	1252
416	1568
255	5
236	176
109	979
1573	206
339	1728
994	1055
55	2236
851	2360
263	1656
2041	681
1663	958
704	820
979	1662
1181	244
1969	1000
442	177
10	363
629	745
403	95
275	239
1491	1098
160	201
469	1160
361	967
397	474
1298	357
759	1449
1588	642
1338	820
981	215
80	637
1882	1994
900	2150
28	2058
38	655
939	160
1027	974
2051	2402
1518	1153
1877	748
395	715
1125	533
1250	2214
664	1450
180	1485
38	1286
1782	166
2053	99
1643	1465
1842	2271
629	1260
1563	2368
463	358
796	69
2326	1501
883	1
354	1881
1901	1138
15	1138
322	2187
803	272
1282	675
1138	648
1303	1879
785	1756
1418	117
861	213
870	1665
1738	315
1274	168
631	250
3	10
430	1923
758	10
313	1019
336	825
1080	255
24	21
39	491
630	99
1890	153
218	1118
1333	1876
129	1917
279	396
2203	1357
1261	1368
266	2203
54	69
5	1931
411	1407
1368	392
628	948
2241	40
147	84
2115	1096
320	335
631	260
646	473
1764	632
950	811
1408	2189
1341	728
45	79
1113	138
1252	1336
8	247
83	1723
1316	313
163	1472
14	1411
236	1562
1025	1250
1000	1156
430	1016
638	1177
1289	656
1953	1879
1429	13
904	225
1588	313
2446	216
402	69
1978	9
703	317
337	635
590	10
72	1386
488	1428
397	49
1416	205
1582	549
679	178
778	166
1895	1264
1768	757
630	18
1613	1797
1329	1055
81	647
94	216
2060	1665
1409	654
781	401
108	1800
2422	88
668	884
60	1267
255	166
352	39
1251	2344
101	1565
1213	850
71	1289
330	657
10	56
1056	534
196	157
1493	1302
606	401
1514	1875
1040	413
99	4
630	1368
1339	1494
780	100
1222	635
34	923
459	72
2392	1280
1272	1484
1318	1602
2424	938
1348	742
1476	1258
1097	473
1681	1494
1357	1351
656	656
313	99
1879	100
1568	313
235	42
336	1577
167	1250
2461	93
88	199
2068	676
50	1252
814	1435
45	1250
178	235
228	1603
706	1094
412	2216
412	2090
0	282
738	1435
160	361
1027	2239
235	1096
98	1583
9	41
1445	1415
1368	1020
391	1437
249	807
1901	1881
690	377
1876	1709
704	302
166	926
160	2127
1250	330
1898	1027
1257	900
804	852
1329	48
654	317
315	158
59	510
362	416
515	523
197	781
645	332
398	1879
1744	5
690	1740
869	396
1019	792
1504	729
1602	486
472	248
201	701
670	1650
296	205
2353	1341
324	788
743	1565
416	3
1253	1875
184	31
41	1679
12	904
161	1307
1352	315
615	313
1894	327
1263	332
1426	1321
196	59
1640	274
645	168
1408	341
342	796
1340	318
391	787
42	626
954	1954
1915	1768
1572	1271
19	494
1601	253
0	980
671	1354
27	1742
2248	940
1685	1138
313	32
1264	315
20	15
64	460
316	1679
723	245
786	1252
1408	36
1260	937
986	130
332	1806
1821	742
499	1904
1455	536
20	555
354	837
332	3
276	1419
1757	313
1432	1386
1416	2197
11	157
737	1094
337	1885
568	10
105	1286
196	1591
357	2006
320	2012
1098	1103
1895	276
862	313
2430	751
1255	32
625	1347
8	200
84	992
238	2074
1175	332
635	480
306	161
156	762
1329	80
786	433
1367	1617
333	198
1598	1962
1567	1330
164	354
14	865
1594	166
2316	1513
2192	1253
1993	1954
549	207
103	1679
1525	724
125	1297
646	630
1355	178
1812	222
1931	825
1658	625
1759	1465
1894	1349
2290	2
119	882
1879	494
1450	626
333	706
323	2
2307	446
2	319
313	166
1574	1335
141	1885
813	645
1407	1885
24	2187
1269	222
786	15
1291	9
496	1103
332	157
1409	950
177	130
188	703
1016	41
656	1818
137	1255
1335	676
474	1621
327	2075
813	370
524	625
2246	1731
1306	1574
147	1136
43	391
247	806
982	806
1894	59
716	985
1963	1411
1703	984
4	243
1252	723
22	161
302	391
285	1931
1449	831
1308	801
939	1261
246	569
6	392
2424	553
481	950
2	2346
1623	917
168	2047
2064	78
1580	43
236	655
1421	972
493	13
352	89
276	218
476	313
1280	2031
82	94
1261	186
313	1590
1252	1606
1884	684
64	939
314	299
1135	1391
1939	1
176	1853
2270	362
105	653
631	509
6	645
725	547
1530	652
393	1344
313	1250
274	694
41	1263
13	1191
1524	850
315	330
772	296
121	87
238	2287
127	52
1255	1723
205	1328
454	510
1368	1269
1293	1566
1275	637
665	25
817	2035
60	332
5	13
327	393
368	1494
557	1528
474	373
1771	335
118	329
1953	1269
978	2126
148	662
9	2275
1311	1300
772	1734
123	2480
1022	1391
97	2142
1363	665
16	1851
1449	14
1020	515
78	2250
169	26
714	1816
10	1748
746	612
1291	138
1250	1255
2119	550
243	957
841	121
2133	809
314	687
1264	161
1492	20
1291	1280
1875	686
554	965
676	160
0	1349
1336	1330
130	1765
747	430
569	2266
1024	326
413	103
1321	125
39	169
823	1646
1891	187
707	1584
1984	1445
2266	51
20	257
1568	1303
1291	644
860	328
1256	0
166	398
658	272
315	909
105	554
1570	275
1661	1333
34	25
1422	699
930	1451
355	1272
120	1586
103	481
275	29
979	93
1299	735
354	360
381	1299
1293	0
169	1455
1348	706
672	6
1722	2387
1904	83
1726	161
963	5
2048	1435
12	318
2084	391
971	319
793	275
795	121
431	221
1445	1075
1406	413
23	476
1315	706
15	1904
14	919
942	1408
743	784
392	3
2116	1563
1102	675
171	577
62	64
2047	2084
264	1272
2022	2265
59	2276
56	352
371	791
1019	167
1338	17
1662	49
1311	253
1995	1621
1305	645
742	454
718	706
171	84
20	671
802	1250
1679	1330
704	391
570	161
222	1253
746	1643
1236	1875
1299	929
14	2094
631	1181
98	1372
331	1576
4	457
200	99
318	183
247	696
371	1289
49	635
0	474
325	625
313	744
1936	278
220	118
1994	1685
742	2226
402	80
274	2199
335	645
1855	17
1314	166
1969	649
86	1261
469	333
959	44
1645	436
1303	631
49	443
1332	1489
576	1081
1505	982
703	631
748	329
225	743
352	1430
2226	960
1827	16
354	1584
8	2113
283	158
1431	1296
1692	200
835	425
1574	1517
1303	163
1884	1927
2213	729
1953	1253
1262	16
0	976
845	940
703	159
13	199
1330	1494
792	3
863	991
1656	772
167	206
979	274
1627	8
325	1495
725	1499
372	1276
167	1175
2113	1565
2151	122
54	1887
28	20
93	1330
1484	1094
79	1371
1773	504
1330	559
1592	1797
606	381
684	357
1688	2383
560	131
2138	337
509	1413
2238	2187
1609	719
389	1019
158	1939
162	196
1406	196
1	1529
1290	623
1566	129
1953	78
1879	924
159	0
1290	12
976	786
1293	46
1194	196
1904	503
2403	981
695	2050
680	186
1616	781
8	65
2111	887
651	61
1884	1452
81	1191
978	192
79	1880
474	365
163	1448
1591	274
1133	13
793	1439
397	91
1	703
941	90
2183	675
1998	317
1250	464
191	1261
321	648
251	248
485	527
628	117
2131	86
782	13
119	1447
313	669
20	632
1006	782
1685	666
947	942
235	313
1286	313
957	381
674	59
1729	1878
3	13
45	1935
5	1290
637	626
326	413
93	1972
84	1104
1904	1570
1152	2322
1098	1582
710	1101
1645	22
734	972
665	834
1972	80
1330	937
88	945
159	7
303	1879
784	419
1643	1446
239	253
322	2177
1879	25
320	828
156	658
1953	1250
1665	5
42	268
1416	401
2001	1275
1380	645
1875	172
1133	1491
1340	627
1428	93
22	1253
1588	2023
1416	13
118	391
70	1753
6	397
689	658
1450	441
4	940
1416	801
1290	2224
498	630
554	939
81	4
2304	1774
788	994
59	1723
1760	313
4	1269
1882	156
158	822
1748	1291
362	416
450	5
2077	1743
0	667
396	243
2114	1605
469	555
1	1211
152	1330
1323	49
1272	50
264	117
989	1583
164	313
2019	1269
1587	1184
16	2056
1582	1872
0	270
208	155
637	166
1504	1879
158	33
2198	15
708	100
357	1694
1572	2197
55	1900
1658	1660
209	1299
167	957
348	196
2061	169
1923	1016
476	163
6	42
113	1289
204	994
802	1465
44	1270
6	651
1285	1253
717	625
1496	184
1738	1631
792	937
1016	0
5	1289
3	2012
1441	480
354	1263
1498	1568
330	63
1352	15
142	2012
1250	707
354	1570
730	208
45	2305
160	1367
2363	235
210	137
1643	152
754	11
469	238
42	1895
630	187
1355	97
647	1329
372	321
285	557
1272	1661
61	1184
410	348
625	169
1681	823
1601	1017
72	6
1089	895
1070	1255
865	2314
1451	762
17	560
1994	1457
1565	1899
926	391
196	1894
158	39
1537	98
6	443
128	1153
1	1689
1250	940
692	1923
0	1821
1452	79
632	322
1416	919
1400	493
331	2285
430	103
42	688
110	186
1875	635
196	1272
455	2275
943	1368
421	20
78	36
635	1598
1601	1607
342	1
1109	1255
781	2188
257	1879
13	233
1587	1278
1601	108
648	1964
2084	626
240	586
1250	2109
509	526
44	1584
1968	537
84	1907
820	208
781	1261
1213	63
1977	1564
5	612
1877	2229
87	1904
557	831
313	117
1700	1001
1328	387
239	1720
374	1912
1562	476
2051	308
725	46
823	34
981	1733
1972	548
948	640
1565	364
52	45
6	958
1875	654
684	163
682	668
6	5
1252	1709
1736	806
474	90
972	220
705	381
1368	782
158	59
1064	947
32	4
959	1897
16	1
335	1301
1319	9
391	499
1931	208
640	84
146	176
898	71
596	726
318	313
44	1960
474	1079
1218	1152
1515	23
354	2114
1605	1954
13	358
1611	2345
685	1660
43	937
1027	61
158	81
2296	318
321	493
1958	640
78	1367
11	2109
177	476
1565	915
412	9
338	1274
352	2348
626	615
352	1250
270	2266
1314	166
1731	630
181	177
298	1648
571	958
1455	115
261	174
221	8
10	1563
20	1381
2	2233
1087	2327
1691	476
88	343
120	449
903	1602
352	1572
986	164
1349	6
1640	92
401	50
1523	207
481	557
34	254
836	1534
368	17
958	6
1096	1914
1897	1415
1250	645
1660	1149
1584	1250
245	673
199	1289
81	805
1252	1815
2443	791
1000	669
199	120
13	338
435	1330
147	99
631	5
0	785
133	875
108	1330
91	0
636	0
1328	1875
1566	783
84	50
1631	992
843	1408
67	1262
509	1251
1753	940
811	84
959	1563
1377	942
1334	59
114	2
895	396
164	1330
1134	804
415	7
735	181
986	340
982	782
840	54
1487	1477
391	10
227	313
1974	26
2017	638
1582	1928
625	197
1875	352
186	1312
652	94
742	316
1914	1282
238	627
1894	2238
364	1768
1095	156
715	2
1367	63
332	123
2189	93
451	235
2207	8
63	78
625	549
1025	627
781	22
1758	1368
335	1995
627	46
323	821
2330	792
331	220
474	60
659	202
133	440
1	2231
39	89
1426	513
2256	1037
45	172
47	991
10	1301
1164	203
1914	404
2041	40
2070	34
1606	569
976	723
325	16
473	2031
742	796
1953	1294
1614	117
246	260
1923	61
95	703
315	667
3	142
1681	755
89	1006
820	1311
78	625
704	480
452	3
665	635
1406	49
527	182
1328	2346
748	396
1395	626
210	144
100	191
2364	358
534	91
198	1250
894	386
1255	1000
489	3
1594	123
47	167
261	86
279	2266
1881	315
626	371
1253	1948
9	2363
5	1251
0	394
1875	239
94	1892
645	637
1458	670
2048	673
1934	1907
2011	1264
89	1252
511	1785
25	354
1660	752
1507	725
412	685
774	645
2003	2031
21	341
802	627
94	1584
450	20
940	1407
592	1917
937	1234
330	218
2360	1279
703	2
416	1963
1875	172
95	1250
118	20
1	108
486	2226
157	5
361	792
654	176
205	802
38	2227
1106	1
163	1877
372	1155
705	231
1944	1720
1140	1789
876	1527
1922	325
127	196
2228	646
2320	911
41	1926
1961	1898
1057	348
265	355
1183	181
942	684
264	665
394	1264
20	160
2294	242
1606	1582
1584	641
1289	14
403	2187
2031	1331
6	625
674	20
338	1265
177	338
1266	186
665	1953
792	1902
89	3
627	32
989	1654
60	1262
119	166
1491	236
625	216
324	377
325	571
987	1516
421	42
1595	59
1839	1943
23	485
632	160
340	204
1250	1705
13	1307
259	548
6304	485
5012	1337
6304	2395
5409	713
6774	1309
5061	9
5176	19
5397	2070
5000	2134
6179	20
6433	13
5024	28
6446	397
7121	1884
5004	1470
6655	2383
6253	413
5333	352
5005	1582
5664	941
5628	1299
6396	1635
5995	1042
5995	1363
6255	260
5409	318
5136	2070
5414	484
5705	274
5021	11
6369	1433
5077	2034
5686	152
5867	20
5373	27
5095	1416
6878	358
5059	489
6354	1461
5585	25
6016	1887
6644	81
7450	13
5080	104
5267	1450
5005	41
5862	39
5181	6
5674	938
5195	1183
6994	11
6127	5
6883	120
5679	177
6440	1338
5668	1053
5475	879
5296	942
5351	641
6284	548
6105	1382
6222	1269
6874	1297
6280	2275
6119	1875
5489	626
5079	156
5992	1017
6485	49
6382	211
5856	78
6562	942
5666	50
5475	160
6409	54
5201	1388
5798	940
5693	111
6378	738
5101	253
5356	236
5558	1521
7228	313
5200	193
5180	1447
6468	1015
5430	318
5011	515
5624	11
5998	20
5000	553
5013	2238
5331	212
5168	1611
6935	171
5002	2075
5397	1929
6345	1943
6288	1271
5548	49
6445	6
5057	157
5684	169
5151	1250
5090	1904
7241	7
6919	1329
6429	1345
7343	870
5626	159
5054	1296
5051	1900
5314	323
6263	1311
5163	811
5176	170
5629	259
6664	486
7044	570
6931	950
5077	1152
6647	1252
5702	329
6664	791
5806	46
5859	1926
6528	50
6495	1426
5344	1515
5121	132
6065	626
5323	2338
5028	11
5676	705
5003	427
6908	1367
5381	255
5795	181
5596	1322
6811	354
6094	626
6249	831
5108	895
6659	1192
5595	127
5079	396
5357	199
5038	674
5322	1748
5452	16
6569	1431
5156	284
5116	91
6354	25
6280	627
5050	1332
5005	338
5706	1094
5340	274
7192	1252
5810	156
5356	1889
6705	5
5043	241
5460	1351
6383	978
5026	137
6914	746
5200	299
5629	1602
6660	21
5088	1621
5001	2188
6287	823
6894	1895
5000	264
6924	176
7062	4
5702	118
5004	1782
5066	6
5082	1406
5656	1640
5492	1329
5181	666
6260	304
6486	1352
5804	239
6415	638
5671	89
5073	509
7193	313
7189	1
5583	322
5870	396
7100	62
5065	2344
5195	1565
5080	999
5693	1611
5323	471
5378	324
6583	1350
7020	782
5005	2033
5362	1311
5246	1177
6602	1892
6883	239
5001	668
6250	1607
5637	625
6161	62
5187	261
5355	1582
5522	1938
6904	1455
5008	1897
6288	161
6584	1055
5157	823
6413	1308
5469	103
5644	136
6963	1253
6406	469
6001	1907
5018	626
6283	2051
6382	122
5224	1728
5063	1651
7297	577
6254	474
6908	31
6262	88
5333	197
5604	78
5042	410
6281	813
5104	469
5480	39
5019	167
6820	631
5654	207
5708	640
5391	803
5007	2456
5059	83
5632	1257
5665	0
5084	654
5551	39
5405	664
5429	1474
5800	1609
6254	1729
5429	566
5187	559
5097	1332
6563	636
5691	45
5009	1490
6739	1627
5430	20
5674	1578
6981	632
5204	1573
5333	652
5317	1757
6526	20
5077	1918
6486	331
6586	1878
5017	176
5002	163
5063	1604
5001	1133
5071	471
5055	5
5860	1408
5188	327
5229	2070
5157	996
5124	939
6408	5
5703	1016
5400	845
6260	1264
6812	1255
6291	1064
5449	274
5943	1416
6494	967
5476	1042
5663	60
5333	1713
6877	1565
6952	1269
5312	1299
6335	1302
5030	181
5850	6
5044	157
5329	1652
5110	248
5332	1516
5632	1271
5356	179
5104	1408
7053	86
5008	509
5033	1114
5242	1274
5010	612
5717	1272
6269	1548
6964	1563
5374	2054
5644	2287
5108	1974
5031	174
5835	215
5529	1987
6293	801
5629	1113
5143	1757
5077	91
5024	216
6172	1256
5274	640
5943	648
5319	323
7050	1352
5983	3
6587	469
7197	1969
5951	979
5347	327
5566	122
7036	782
5254	1401
5148	812
6274	98
5646	156
5313	1997
5201	631
6445	169
7245	2094
5019	81
6254	692
5083	388
6713	69
6882	14
6641	315
7199	726
5121	1573
5313	427
5356	6
7436	2043
5474	3
5639	49
6249	704
5679	458
5315	1963
6284	645
6249	1423
6895	1484
5665	2402
4999	837
5080	179
6774	867
5115	2083
5860	1329
5752	30
5493	1619
6915	244
5849	3
7012	34
5284	1739
6460	869
5367	1186
5439	1877
7190	178
6266	821
5654	1978
5446	940
5317	8
5715	98
7154	1702
6934	1666
5742	314
6563	1331
5471	410
5397	21
5711	454
5007	49
6385	861
6568	508
5641	20
5019	705
5800	840
5051	625
6466	1446
5441	1880
6299	138
5037	41
5001	634
5021	839
5019	627
6016	158
5098	2387
5743	1738
5632	2228
5118	52
7095	474
5314	1312
5675	1185
5788	280
5400	781
5707	510
6690	3
5596	117
5790	83
5408	1570
5939	653
5273	1933
6155	1842
6565	32
6569	811
5041	1914
5864	1701
6431	315
5626	78
5782	177
5080	137
6021	1894
5411	1195
5215	238
6249	187
6409	784
5509	152
6302	411
5084	562
5002	1271
5425	1760
6254	1252
5312	1534
5077	235
5478	53
5553	32
5632	93
5417	1289
5032	509
5143	1945
5088	1446
5781	2305
5332	8
5481	1250
5627	105
5390	88
5009	1682
5702	509
5165	499
5030	851
5479	1843
5021	931
6719	1474
5663	690
5000	99
5323	673
5012	1299
6953	191
5832	2353
6100	659
5001	1875
6298	1293
5004	648
5080	1335
5001	65
7204	1069
5009	269
5707	91
5054	1172
6425	1796
4999	1266
5855	2234
6430	687
5225	687
5294	36
5161	403
5323	973
6489	812
5962	1251
5097	664
5046	144
5001	1386
5060	2
5157	1895
5873	387
5033	1328
5077	202
5336	801
5080	0
5117	635
5195	357
5008	8
6269	1602
6251	1660
5319	396
6366	0
6572	1572
5020	2042
5178	1878
5824	743
6270	1251
5439	904
6249	1034
5667	1568
5220	83
6251	11
5226	313
5160	1449
5666	1739
5004	1894
5840	911
5960	239
6249	1584
5167	435
5670	1000
6415	811
5713	1445
6074	189
6889	437
5963	1360
7272	939
5312	1250
6573	352
5695	2
5314	407
5666	341
5509	352
5053	39
6484	0
5501	487
6760	67
5700	743
6117	313
6309	737
5284	1251
5109	685
5009	481
5769	752
5667	345
5136	1923
5407	2217
5668	279
5097	63
5116	159
6406	36
5626	2092
6576	940
6264	656
5654	1290
6298	52
5083	1906
6410	895
5626	949
5156	5
5661	440
5002	20
5481	1339
6581	1609
5398	748
5019	1141
6702	2091
5400	867
6484	1645
5160	945
5005	1720
6406	67
6508	1718
5012	49
5160	808
6642	2197
5649	1081
6616	1352
6409	479
5084	333
5751	160
5195	625
5938	1410
6017	113
5685	1137
5049	1160
5043	1384
6255	139
6318	548
5014	156
7031	820
5014	2
6327	30
5242	1140
5156	1055
7031	1967
5468	1271
7035	314
6588	0
5325	2081
5312	1291
6650	322
5627	959
6352	1607
5025	1305
5068	2387
5296	39
5043	2041
5751	202
5644	6
5788	1350
5502	6
7043	13
5785	829
5085	2285
5516	648
5400	448
5805	649
5049	2212
5004	92
6765	313
5079	545
5103	1102
5889	289
5062	209
5781	565
6249	645
6103	9
5065	271
6274	13
5118	210
6133	18
7054	1753
5917	1623
6332	60
5978	2228
5984	393
7022	1282
5790	667
5314	377
5094	450
5024	2
5273	201
5077	625
5245	1543
5256	2179
7214	2139
7192	2188
5200	11
6935	39
5038	1933
5004	959
6290	46
7202	684
6425	435
5239	1329
5712	645
5339	91
7383	426
6063	842
6371	678
5663	787
5014	10
6438	368
6251	1533
5688	1386
5063	259
5086	1687
6250	880
4999	177
5278	367
5058	19
5393	733
5413	59
5024	1430
5624	34
5763	938
5225	202
6757	1610
5644	63
6210	152
5881	117
5790	718
5585	2289
5390	852
5468	237
6730	1330
6250	1183
5431	1251
5358	2
6445	44
5392	52
7376	350
5686	481
6880	163
5160	2120
4999	1062
7109	319
6879	316
5019	1252
5625	236
6252	2379
5043	879
6249	469
5087	16
5724	30
5966	684
5684	1904
6679	861
6393	393
6289	723
5629	172
6291	323
6257	1211
5704	1576
5007	1261
6955	330
5775	1328
5664	745
5849	1679
4999	821
5833	82
7326	1173
6648	646
5527	1304
6348	1973
5020	20
6640	673
6786	158
5290	1022
6098	3
7287	1415
6332	2197
6264	20
5626	98
5005	1582
5169	552
5502	469
5053	313
6645	398
6310	237
5777	626
5316	299
7194	319
6260	370
6276	1263
6144	161
6565	1036
6132	1300
5629	2372
4999	1313
5059	207
6259	1759
6349	873
5015	5
6963	1329
5000	166
5041	1933
5998	13
5032	715
6601	35
6884	655
5099	355
5835	2403
5027	1349
7328	322
5184	2109
5795	626
7034	264
5110	1494
5110	123
5182	1485
5122	663
5077	949
7238	59
6631	1906
7187	2052
6435	218
5032	1369
5942	160
6249	547
6293	631
5624	813
5640	1333
5099	1465
5325	120
5500	50
5057	1377
5635	1453
5937	1290
5005	747
5546	191
5488	5
5166	222
5380	103
5571	402
5882	742
5026	50
5920	860
7289	396
5630	1285
6358	32
6318	1602
5368	632
5980	1449
6877	163
5497	488
6269	1457
5000	2188
5113	1133
6249	1452
5629	1267
5327	1301
5649	665
5395	0
6567	320
5204	791
6981	1250
6972	2021
6114	1250
6574	0
5478	728
5212	108
5634	3
7194	1406
6142	469
5240	354
5878	706
5624	690
6584	1269
5268	2195
5722	40
6719	845
7327	8
6329	50
5951	200
5881	1381
7245	405
5122	1931
5053	1307
5391	132
5089	1653
5376	1876
6393	950
5054	599
6370	816
5452	1562
4999	1325
5295	31
5390	27
6765	2
5809	319
6113	357
6581	28
7195	318
5557	2162
5469	1882
5707	725
5790	273
5312	1332
5514	6
5029	476
5626	494
5575	55
6379	958
5940	240
5312	266
6601	1734
5024	1406
5204	1113
5409	1608
5021	1611
7233	8
5124	1250
5005	622
6406	263
7031	1218
6337	1101
6251	1012
4999	20
5162	15
6896	22
6681	1271
5119	781
6359	782
5469	161
5009	2394
5030	279
6991	627
5751	2266
6015	1365
5628	1221
5752	18
6017	787
7172	65
6105	177
6269	173
5195	315
5369	83
5355	346
5044	782
6488	20
5373	626
6040	231
5533	786
5866	747
5702	50
5059	1466
5002	1430
6254	20
6288	1809
6291	266
7110	334
6259	1252
5543	164
5016	735
7033	491
5562	1113
5058	868
6410	20
5068	664
5768	171
5646	828
6371	1917
5723	211
6327	822
6879	167
4999	1329
5322	167
5077	244
5591	1875
6384	2204
5001	1962
6254	703
6330	1344
5179	274
7187	0
5025	2281
5007	42
5738	1431
6721	1347
5791	103
5160	757
5774	152
6481	1094
6915	831
5391	1806
6420	1289
6565	1732
5288	1534
5246	1597
5156	340
5018	1279
5003	1987
6457	377
6584	1594
5441	1290
6329	1724
5140	1256
5947	161
6067	1885
5390	0
6269	454
5004	2070
5158	42
6257	1263
6265	1312
5236	46
5627	795
5245	402
5513	60
6436	1611
5829	674
5015	647
5396	253
5088	1527
6570	939
5185	98
5635	296
6222	1305
5204	244
5471	718
5010	1914
6429	1099
6249	182
5330	1418
6290	1613
5219	20
5787	2310
6918	4
5324	62
5563	671
5087	858
5361	410
5904	3
6395	453
6172	415
